POISSON BOLTZMANN:,,,,,,,,,,,,,,,,
Complex Energy Terms,,,,,,,,,,,,,,,,
Frame #,BOND,ANGLE,DIHED,UB,IMP,CMAP,VDWAALS,EEL,1-4 VDW,1-4 EEL,EPB,ENPOLAR,EDISPER,G gas,G solv,TOTAL
0,1240.1787,3227.7772,2164.6279,0,0,0,-3167.2218,-1543.538,1577.9275,806.88926,0,3366.0736,-2004.8632,4306.64076,1361.2104,5667.85116
1,1269.2278,3305.6916,2220.9434,0,0,0,-3170.9059,-1540.3155,1569.993,806.13103,0,3377.5318,-2019.1372,4460.76543,1358.3946,5819.16003
2,1227.1793,3266.5877,2187.1071,0,0,0,-3193.7747,-1541.7729,1568.1328,807.107965,0,3368.2708,-2007.2849,4320.567265,1360.9859,5681.553165
3,1211.4925,3251.4152,2219.8907,0,0,0,-3178.1891,-1539.2912,1557.483,806.43749,0,3362.5393,-1996.5172,4329.23859,1366.0221,5695.26069
4,1215.2033,3297.391,2190.9205,0,0,0,-3217.2001,-1542.3325,1584.1177,806.483495,0,3350.0228,-1987.0496,4334.583395,1362.9732,5697.556595
5,1202.3796,3235.9861,2158.1642,0,0,0,-3171.2609,-1540.093,1593.7387,809.9152,0,3372.8257,-2019.3807,4288.8299,1353.445,5642.2749
6,1285.4649,3234.154,2209.9182,0,0,0,-3169.7511,-1542.708,1593.4029,806.717405,0,3370.7797,-2006.6084,4417.198305,1364.1713,5781.369605
7,1243.0839,3213.1379,2175.1344,0,0,0,-3127.3795,-1540.1581,1590.1689,806.370835,0,3364.1836,-2007.2581,4360.358335,1356.9255,5717.283835
8,1176.6315,3208.4656,2142.7277,0,0,0,-3147.5121,-1538.7013,1596.1345,808.98857,0,3385.0587,-2036.0827,4246.73447,1348.976,5595.71047
9,1213.2134,3350.871,2203.4147,0,0,0,-3213.2106,-1540.8207,1572.0434,807.954385,0,3386.0793,-2017.9636,4393.465585,1368.1157,5761.581285
10,1216.437,3292.3071,2148.9971,0,0,0,-3198.4485,-1541.1065,1582.625,807.976605,0,3360.6304,-2013.7659,4308.787805,1346.8645,5655.652305
11,1231.1263,3220.7539,2259.8657,0,0,0,-3165.8208,-1542.321,1580.2883,808.662395,0,3368.2849,-2022.1945,4392.554795,1346.0904,5738.645195
12,1251.318,3329.1122,2167.6743,0,0,0,-3179.7995,-1540.9965,1568.3377,807.086015,0,3378.6894,-2010.5853,4402.732215,1368.1041,5770.836315
13,1232.1119,3303.7375,2167.6616,0,0,0,-3170.7921,-1546.3641,1597.9013,811.74241,0,3365.6626,-2012.3688,4395.99851,1353.2938,5749.29231
14,1265.8413,3237.3248,2169.2633,0,0,0,-3172.0342,-1538.9287,1570.9723,806.657125,0,3369.6835,-2020.672,4339.095925,1349.0115,5688.107425
15,1215.156,3270.2891,2179.4427,0,0,0,-3149.1357,-1541.5046,1611.0945,809.708185,0,3355.9858,-2017.8567,4395.050185,1338.1291,5733.179285
16,1288.8711,3169.0252,2150.429,0,0,0,-3194.7909,-1543.2007,1613.2505,813.777155,0,3371.8098,-2015.6179,4297.361355,1356.1919,5653.553255
17,1226.4351,3207.6773,2164.1078,0,0,0,-3158.5847,-1542.7341,1551.5428,808.724865,0,3385.3327,-2032.3194,4257.169065,1353.0133,5610.182365
18,1182.8545,3221.292,2152.4482,0,0,0,-3163.9128,-1543.7366,1612.3446,810.194585,0,3368.2755,-2026.7648,4271.484485,1341.5107,5612.995185
19,1250.0285,3207.0386,2183.963,0,0,0,-3205.4047,-1544.7352,1556.5424,810.03928,0,3373.7706,-2022.0229,4257.47188,1351.7477,5609.21958
20,1247.0267,3220.7941,2158.7019,0,0,0,-3179.325,-1542.0841,1583.08,811.394875,0,3372.235,-2019.6319,4299.588475,1352.6031,5652.191575
21,1259.0198,3240.2856,2210.9694,0,0,0,-3212.8001,-1541.2652,1620.089,810.63803,0,3358.0033,-2000.8166,4386.93653,1357.1867,5744.12323
22,1207.8806,3267.675,2169.9175,0,0,0,-3181.2408,-1541.674,1580.9088,811.62305,0,3365.1003,-2020.0462,4315.09015,1345.0541,5660.14425
23,1224.5897,3222.5292,2179.1203,0,0,0,-3212.1996,-1539.6484,1559.863,808.82853,0,3380.3715,-2019.2656,4243.08273,1361.1059,5604.18863
24,1229.1632,3278.5813,2165.8139,0,0,0,-3174.1857,-1541.8406,1579.0451,807.05757,0,3373.2225,-2012.6365,4343.63477,1360.586,5704.22077
25,1251.3691,3292.3189,2177.2779,0,0,0,-3164.6836,-1544.7337,1594.1202,808.6521,0,3370.0757,-2024.8976,4414.3209,1345.1781,5759.499
26,1243.1944,3184.2642,2184.6205,0,0,0,-3194.289,-1545.1768,1601.0662,810.910465,0,3370.8364,-2020.2045,4284.589965,1350.6319,5635.221865
27,1306.9245,3212.6443,2161.9563,0,0,0,-3192.6088,-1542.2267,1565.041,807.11667,0,3363.8434,-2016.125,4318.84727,1347.7184,5666.56567
28,1221.4742,3283.2371,2160.5451,0,0,0,-3179.9707,-1538.6159,1552.565,807.41978,0,3379.8376,-2027.9282,4306.65458,1351.9094,5658.56398
29,1240.6323,3244.5289,2147.2413,0,0,0,-3150.8749,-1543.7167,1608.025,811.03716,0,3383.1262,-2039.6402,4356.87306,1343.486,5700.35906
30,1269.1818,3227.2429,2154.2196,0,0,0,-3179.9795,-1541.8765,1568.3983,806.94476,0,3392.5809,-2040.2905,4304.13136,1352.2904,5656.42176
31,1244.2786,3224.2521,2148.6615,0,0,0,-3211.069,-1545.8133,1574.0472,811.11123,0,3369.9765,-2015.0961,4245.46833,1354.8804,5600.34873
32,1283.8191,3197.2902,2194.4688,0,0,0,-3197.7056,-1543.1368,1558.1091,808.62226,0,3373.9266,-2024.8104,4301.46706,1349.1162,5650.58326
33,1200.0227,3163.3402,2185.768,0,0,0,-3183.8394,-1540.5543,1607.9868,809.05724,0,3381.2787,-2036.9782,4241.78124,1344.3005,5586.08174
34,1271.7198,3244.7456,2158.8312,0,0,0,-3175.5733,-1542.3974,1574.7501,808.86362,0,3381.5055,-2034.8969,4340.93962,1346.6086,5687.54822
35,1242.1165,3297.4294,2176.5626,0,0,0,-3172.8012,-1538.2344,1607.6783,804.980195,0,3375.0181,-2040.4593,4417.731395,1334.5588,5752.290195
36,1192.0236,3287.9901,2156.6701,0,0,0,-3203.5465,-1548.0069,1596.0149,809.775525,0,3355.518,-2009.9406,4290.920825,1345.5774,5636.498225
37,1293.8305,3213.0885,2188.7152,0,0,0,-3215.8262,-1542.5633,1569.204,808.716385,0,3384.0286,-2030.7965,4315.165085,1353.2321,5668.397185
38,1216.2219,3191.0146,2207.3699,0,0,0,-3196.6951,-1547.0788,1587.0212,814.22386,0,3359.2649,-2024.7184,4272.07756,1334.5465,5606.62406
39,1305.3189,3204.2848,2153.6874,0,0,0,-3148.3053,-1547.5812,1579.3402,810.16779,0,3367.6565,-2020.3342,4356.91259,1347.3223,5704.23489
40,1266.4157,3118.628,2183.8517,0,0,0,-3155.9648,-1548.1111,1618.556,813.53707,0,3385.5028,-2042.7376,4296.91257,1342.7652,5639.67777
41,1236.7197,3286.181,2223.3161,0,0,0,-3216.8515,-1543.5533,1585.0974,808.46764,0,3381.6094,-2032.4808,4379.37704,1349.1286,5728.50564
42,1264.0689,3243.8528,2149.6776,0,0,0,-3117.7952,-1546.0364,1593.7373,809.222425,0,3385.7674,-2049.5588,4396.727425,1336.2086,5732.936025
43,1272.0292,3268.8438,2199.917,0,0,0,-3168.6248,-1543.4544,1575.8091,810.347375,0,3378.439,-2022.3903,4414.867275,1356.0487,5770.915975
44,1238.9256,3266.6731,2209.0113,0,0,0,-3164.2034,-1546.5923,1592.7156,806.877155,0,3372.4193,-2026.7121,4403.407055,1345.7072,5749.114255
45,1237.678,3228.9731,2192.8944,0,0,0,-3187.2779,-1546.0554,1593.2869,811.90552,0,3370.4159,-2018.6002,4331.40462,1351.8157,5683.22032
46,1238.1553,3188.9412,2158.6002,0,0,0,-3182.2671,-1544.0637,1588.2018,809.13665,0,3360.4178,-2003.2794,4256.70435,1357.1384,5613.84275
47,1269.3365,3322.4002,2164.4994,0,0,0,-3195.1118,-1544.659,1572.3652,807.31153,0,3370.208,-2026.5446,4396.14203,1343.6634,5739.80543
48,1199.9105,3279.9881,2179.4032,0,0,0,-3169.2258,-1545.7738,1593.7759,807.25123,0,3367.2171,-2015.7363,4345.32933,1351.4808,5696.81013
49,1237.5798,3245.4362,2203.2273,0,0,0,-3161.5525,-1546.7986,1584.341,808.113485,0,3377.9806,-2032.9334,4370.346685,1345.0472,5715.393885
50,1190.2039,3219.4386,2187.2437,0,0,0,-3138.901,-1550.1102,1596.0602,811.83842,0,3369.0078,-2025.258,4315.77362,1343.7498,5659.52342
51,1224.356,3249.84,2171.6577,0,0,0,-3192.3259,-1538.4756,1558.4606,805.409275,0,3381.7654,-2037.7024,4278.922075,1344.063,5622.985075
52,1208.8641,3210.1486,2153.7906,0,0,0,-3146.9792,-1550.3422,1599.3772,816.476735,0,3384.3594,-2037.2896,4291.335835,1347.0698,5638.405635
53,1298.2432,3293.4486,2179.9541,0,0,0,-3166.0387,-1541.9834,1559.1288,809.322015,0,3375.8166,-2027.6072,4432.074615,1348.2094,5780.284015
54,1286.2392,3251.5378,2134.4331,0,0,0,-3149.7514,-1547.9523,1577.5369,808.94435,0,3401.3741,-2054.2962,4360.98765,1347.0779,5708.06555
55,1260.7162,3223.9214,2183.937,0,0,0,-3181.5005,-1547.7803,1585.4444,812.400605,0,3373.747,-2036.4145,4337.138805,1337.3325,5674.471305
56,1252.0325,3178.261,2200.2325,0,0,0,-3149.7481,-1545.722,1589.143,811.85025,0,3390.2798,-2047.6043,4336.04915,1342.6755,5678.72465
57,1278.7724,3238.6584,2156.7868,0,0,0,-3162.0422,-1545.5937,1577.872,810.609625,0,3377.9523,-2023.7778,4355.063325,1354.1745,5709.237825
58,1277.4624,3186.8212,2162.5412,0,0,0,-3193.8232,-1545.5813,1593.8115,811.504545,0,3373.5769,-2011.5083,4292.736345,1362.0686,5654.804945
59,1292.4521,3214.9613,2204.4477,0,0,0,-3172.5372,-1548.8225,1610.7777,813.101535,0,3360.2099,-2017.0646,4414.380635,1343.1453,5757.525935
60,1256.664,3249.7388,2233.6967,0,0,0,-3130.9936,-1549.4705,1582.0935,810.49889,0,3379.4123,-2032.3331,4452.22779,1347.0792,5799.30699
61,1288.4066,3190.6258,2189.1676,0,0,0,-3174.7884,-1543.5518,1587.0761,809.404545,0,3373.4021,-2018.2472,4346.340445,1355.1549,5701.495345
62,1256.7707,3273.6969,2170.2391,0,0,0,-3185.8344,-1542.7913,1583.0733,811.01449,0,3384.1184,-2025.828,4366.16879,1358.2904,5724.45919
63,1179.0373,3237.9314,2142.1013,0,0,0,-3189.9427,-1548.4211,1573.6505,813.840945,0,3377.8578,-2023.332,4208.197645,1354.5258,5562.723445
64,1205.3935,3148.3314,2193.039,0,0,0,-3199.9012,-1547.7362,1588.8345,813.505665,0,3367.3636,-2011.3355,4201.466665,1356.0281,5557.494765
65,1205.1569,3225.1475,2173.4848,0,0,0,-3178.1887,-1548.5098,1606.1046,811.765855,0,3373.5439,-2018.9657,4294.961155,1354.5782,5649.539355
66,1244.6791,3244.6904,2188.6084,0,0,0,-3208.321,-1545.8393,1573.1411,811.23727,0,3382.1008,-2030.0703,4308.19597,1352.0305,5660.22647
67,1191.4949,3232.2664,2172.2731,0,0,0,-3186.0588,-1545.5307,1587.4662,815.22238,0,3377.4278,-2023.0145,4267.13348,1354.4133,5621.54678
68,1247.7402,3275.1889,2191.0211,0,0,0,-3192.372,-1543.8549,1582.3623,809.686315,0,3364.812,-2025.004,4369.771915,1339.808,5709.579915
69,1243.5786,3291.2173,2126.0951,0,0,0,-3193.1182,-1542.3503,1606.3859,808.464685,0,3379.2658,-2032.7387,4340.273085,1346.5271,5686.800185
70,1278.358,3197.5885,2167.342,0,0,0,-3131.3074,-1544.2476,1551.1875,810.32928,0,3393.9181,-2042.0391,4329.25028,1351.879,5681.12928
71,1200.2459,3152.2894,2150.0408,0,0,0,-3120.3873,-1546.6606,1573.8668,811.5813,0,3396.1813,-2045.6623,4220.9763,1350.519,5571.4953
72,1306.7363,3232.2627,2144.0945,0,0,0,-3193.6744,-1543.5372,1551.249,810.964095,0,3381.8173,-2024.5916,4308.094995,1357.2257,5665.320695
73,1284.9625,3201.429,2151.3043,0,0,0,-3198.8578,-1541.1464,1586.9679,810.936785,0,3379.9037,-2025.7799,4295.596285,1354.1238,5649.720085
74,1285.863,3319.625,2157.5032,0,0,0,-3178.2087,-1544.4358,1588.4345,811.26799,0,3394.126,-2032.5299,4440.04919,1361.5961,5801.64529
75,1236.6549,3313.1859,2134.4133,0,0,0,-3164.1269,-1548.2203,1590.1271,811.5798,0,3372.9154,-2022.9836,4373.6138,1349.9318,5723.5456
76,1252.2393,3240.272,2160.0087,0,0,0,-3201.4537,-1539.9754,1581.1252,809.370545,0,3384.3594,-2029.4207,4301.586645,1354.9387,5656.525345
77,1305.7366,3159.1749,2179.2217,0,0,0,-3159.6275,-1542.372,1556.4568,811.44999,0,3392.2454,-2036.8483,4310.04049,1355.3971,5665.43759
78,1208.4768,3230.5251,2186.6431,0,0,0,-3207.0861,-1540.0375,1600.8866,809.950755,0,3392.9305,-2033.5634,4289.358755,1359.3671,5648.725855
79,1257.6551,3180.9342,2189.6826,0,0,0,-3168.2385,-1542.1618,1565.942,810.031735,0,3387.5771,-2038.7422,4293.845335,1348.8349,5642.680235
80,1243.0751,3256.8521,2141.7252,0,0,0,-3173.9237,-1542.9148,1573.2291,812.38765,0,3386.8069,-2030.9918,4310.43065,1355.8151,5666.24575
81,1271.3266,3273.7341,2164.3838,0,0,0,-3137.1029,-1541.2045,1573.745,808.61258,0,3399.2668,-2049.1998,4413.49468,1350.067,5763.56168
82,1287.3087,3269.9736,2201.9386,0,0,0,-3172.6048,-1542.4602,1570.0016,808.385735,0,3378.6043,-2019.3212,4422.543235,1359.2831,5781.826335
83,1223.262,3165.8552,2165.9197,0,0,0,-3216.7063,-1542.7824,1597.4186,809.803855,0,3362.4118,-2018.5416,4202.770655,1343.8702,5546.640855
84,1233.8401,3221.214,2188.6815,0,0,0,-3154.3261,-1542.1627,1587.9041,808.68812,0,3359.7468,-2009.183,4343.83902,1350.5638,5694.40282
85,1247.0725,3312.3981,2193.8557,0,0,0,-3177.9424,-1544.3588,1567.9357,811.22355,0,3380.8345,-2035.7964,4410.18435,1345.0381,5755.22245
86,1291.6377,3214.0148,2158.815,0,0,0,-3185.9407,-1544.6717,1592.9254,811.300145,0,3362.4826,-2015.8345,4338.080645,1346.6481,5684.728745
87,1285.7307,3164.8789,2172.9646,0,0,0,-3121.9885,-1544.8822,1600.3122,813.210945,0,3374.796,-2031.3138,4370.226645,1343.4822,5713.708845
88,1255.6113,3266.1036,2155.7182,0,0,0,-3197.9976,-1544.841,1569.6521,808.648105,0,3370.9168,-2034.4561,4312.894705,1336.4607,5649.355405
89,1185.2955,3249.6294,2173.8813,0,0,0,-3154.434,-1540.2549,1577.5889,811.021085,0,3382.6253,-2034.1628,4302.727285,1348.4625,5651.189785
90,1240.1534,3265.7688,2166.5063,0,0,0,-3157.7104,-1546.6545,1588.3786,811.25499,0,3369.7024,-2039.0459,4367.69719,1330.6565,5698.35369
91,1275.3134,3161.8562,2153.624,0,0,0,-3191.4006,-1542.5689,1597.6437,809.05682,0,3380.8156,-2041.1563,4263.52462,1339.6593,5603.18392
92,1231.8685,3180.0887,2112.6848,0,0,0,-3188.7626,-1540.9597,1608.8587,809.09293,0,3363.5316,-2020.6988,4212.87133,1342.8328,5555.70413
93,1236.7046,3285.6188,2185.8865,0,0,0,-3170.6299,-1537.4399,1586.0592,808.90367,0,3384.9028,-2047.1313,4395.10297,1337.7715,5732.87447
94,1250.377,3250.1602,2136.1611,0,0,0,-3172.8925,-1534.2336,1587.6218,807.40059,0,3382.0394,-2047.0918,4324.59459,1334.9476,5659.54219
95,1261.7536,3150.2795,2146.1,0,0,0,-3175.1469,-1537.5643,1564.5662,807.55009,0,3375.8875,-2047.8001,4217.53819,1328.0874,5545.62559
96,1268.7092,3200.7418,2179.0672,0,0,0,-3204.4724,-1538.6818,1572.6057,808.33309,0,3388.8623,-2036.9446,4286.30279,1351.9177,5638.22049
97,1228.9532,3225.9802,2135.5278,0,0,0,-3148.4314,-1537.4534,1561.2325,808.14006,0,3383.0931,-2040.134,4273.94896,1342.9591,5616.90806
98,1250.319,3232.2164,2174.54,0,0,0,-3171.1571,-1536.7482,1575.8004,807.699705,0,3391.4185,-2058.2589,4332.670205,1333.1596,5665.829805
99,1270.3648,3225.9871,2182.6409,0,0,0,-3163.0737,-1537.0598,1581.137,805.716795,0,3401.256,-2058.3736,4365.713095,1342.8824,5708.595495
100,1285.9999,3187.543,2171.0213,0,0,0,-3166.9744,-1536.5336,1549.213,806.82995,0,3382.3229,-2032.9127,4297.09915,1349.4102,5646.50935
101,1210.3258,3224.8412,2169.0698,0,0,0,-3200.4826,-1539.5671,1573.7424,806.135695,0,3381.17,-2036.0065,4244.065195,1345.1635,5589.228695
102,1257.7646,3204.523,2136.2574,0,0,0,-3171.4851,-1540.7117,1612.4269,808.447165,0,3371.8996,-2037.1443,4307.222265,1334.7553,5641.977565
103,1240.9661,3211.2235,2150.6741,0,0,0,-3161.2492,-1538.6264,1574.8788,805.919845,0,3386.6699,-2036.619,4283.786745,1350.0509,5633.837645
104,1249.7127,3315.5182,2146.0842,0,0,0,-3205.1978,-1534.6909,1562.5317,805.01189,0,3391.4327,-2038.4182,4338.96999,1353.0145,5691.98449
105,1243.8615,3249.1978,2146.3196,0,0,0,-3164.807,-1541.2125,1582.7446,810.20854,0,3394.0267,-2053.8334,4326.31254,1340.1933,5666.50584
106,1236.9414,3250.0671,2184.3883,0,0,0,-3173.3835,-1537.9352,1576.4349,804.102305,0,3379.5871,-2041.2262,4340.615305,1338.3609,5678.976205
107,1244.5514,3175.5476,2161.1276,0,0,0,-3164.38,-1540.1819,1577.5515,806.974805,0,3395.3072,-2058.9032,4261.191005,1336.404,5597.595005
108,1210.119,3240.1013,2137.4682,0,0,0,-3167.2144,-1533.3887,1552.5488,806.38721,0,3391.5414,-2049.5671,4246.02141,1341.9743,5587.99571
109,1288.2136,3286.1967,2152.3987,0,0,0,-3132.3235,-1534.9693,1583.6578,801.699065,0,3394.0787,-2063.3338,4444.873065,1330.7449,5775.617965
110,1268.8393,3223.1611,2174.4271,0,0,0,-3165.006,-1537.6905,1590.2799,808.144695,0,3392.0139,-2049.8108,4362.155595,1342.2031,5704.358695
111,1266.764,3192.5459,2143.9232,0,0,0,-3160.1204,-1539.3789,1587.8775,810.35027,0,3391.8343,-2040.7528,4301.96157,1351.0815,5653.04307
112,1284.6871,3207.2677,2191.6945,0,0,0,-3143.1469,-1538.6353,1566.9646,806.069855,0,3403.3444,-2058.851,4374.901555,1344.4934,5719.394955
113,1199.7767,3184.9764,2154.8842,0,0,0,-3178.2196,-1542.0568,1601.1796,810.66939,0,3405.6408,-2060.3203,4231.20989,1345.3205,5576.53039
114,1252.6758,3267.1163,2167.1731,0,0,0,-3135.9267,-1541.9023,1589.1414,809.797855,0,3391.3004,-2042.2631,4408.075455,1349.0373,5757.112755
115,1261.6107,3264.2995,2169.27,0,0,0,-3165.7152,-1537.7714,1551.5431,810.78948,0,3402.286,-2063.1601,4354.02618,1339.1259,5693.15208
116,1273.2282,3214.7009,2121.2749,0,0,0,-3195.8681,-1535.9619,1586.5583,810.75047,0,3396.9137,-2045.6106,4274.68277,1351.3031,5625.98587
117,1258.1335,3250.9321,2140.7636,0,0,0,-3175.5759,-1535.3805,1578.6722,807.403455,0,3379.847,-2040.3571,4324.948455,1339.4899,5664.438355
118,1235.6217,3195.0808,2171.3536,0,0,0,-3149.5191,-1535.8075,1573.8866,810.037565,0,3403.9587,-2061.7882,4300.653665,1342.1705,5642.824165
119,1256.3218,3180.3645,2178.9028,0,0,0,-3207.4224,-1537.4059,1578.9735,809.808885,0,3389.1175,-2039.4373,4259.543185,1349.6802,5609.223385
120,1268.9527,3164.4198,2164.6882,0,0,0,-3171.7602,-1535.2241,1575.4697,805.72473,0,3393.318,-2039.0038,4272.27083,1354.3142,5626.58503
121,1242.0525,3187.7006,2167.6982,0,0,0,-3170.7492,-1537.8328,1554.8281,804.621725,0,3380.036,-2041.6394,4248.319125,1338.3966,5586.715725
122,1261.6457,3260.7317,2143.2703,0,0,0,-3205.6136,-1539.9138,1594.1365,809.271865,0,3369.2441,-2025.9749,4323.528665,1343.2692,5666.797865
123,1221.369,3204.415,2178.5344,0,0,0,-3144.6155,-1539.3136,1575.2703,807.596035,0,3391.4799,-2047.6988,4303.255635,1343.7811,5647.036735
124,1251.8505,3246.4423,2114.0568,0,0,0,-3168.6966,-1537.1305,1595.5697,807.298175,0,3382.8238,-2045.2584,4309.390375,1337.5654,5646.955775
125,1250.3819,3253.9054,2185.8818,0,0,0,-3161.7937,-1535.6705,1564.9445,806.77873,0,3382.7954,-2037.1833,4364.42813,1345.6121,5710.04023
126,1254.2491,3182.0408,2146.4811,0,0,0,-3200.4588,-1539.3796,1581.7536,806.621815,0,3374.3944,-2029.8178,4231.308015,1344.5766,5575.884615
127,1257.9481,3231.1486,2152.1598,0,0,0,-3174.8616,-1532.6845,1578.9101,803.14022,0,3392.9731,-2035.4142,4315.76072,1357.5589,5673.31962
128,1262.6541,3260.9451,2211.0418,0,0,0,-3193.618,-1535.6638,1594.56,805.30755,0,3381.8788,-2034.1021,4405.22675,1347.7767,5753.00345
129,1236.2879,3188.8213,2154.9163,0,0,0,-3176.4104,-1537.7753,1619.0359,806.551455,0,3381.0424,-2034.1262,4291.427155,1346.9162,5638.343355
130,1256.2153,3142.0283,2140.333,0,0,0,-3209.4164,-1533.3484,1589.1467,805.124375,0,3379.195,-2030.8757,4190.082875,1348.3193,5538.402175
131,1261.2161,3275.3268,2103.1517,0,0,0,-3196.8536,-1536.1063,1572.187,805.9885,0,3377.3097,-2024.8856,4284.9102,1352.4241,5637.3343
132,1281.7291,3220.4725,2171.5641,0,0,0,-3192.3093,-1537.7748,1556.5873,807.16286,0,3380.1541,-2029.9429,4307.43176,1350.2112,5657.64296
133,1227.7404,3321.4887,2143.0939,0,0,0,-3201.0342,-1533.5654,1560.5028,804.465295,0,3383.6648,-2034.8849,4322.691495,1348.7799,5671.471395
134,1191.1264,3226.8782,2096.971,0,0,0,-3141.8793,-1540.3301,1598.6346,807.667635,0,3390.8468,-2042.9415,4239.068435,1347.9053,5586.973735
135,1253.6769,3281.1512,2124.5241,0,0,0,-3157.5397,-1536.2692,1598.7091,806.904985,0,3383.4853,-2040.3439,4371.157385,1343.1414,5714.298785
136,1215.519,3211.5424,2164.2893,0,0,0,-3141.2336,-1545.5506,1614.2581,812.1846,0,3383.5609,-2042.1488,4331.0092,1341.4121,5672.4213
137,1259.4217,3244.4107,2207.6539,0,0,0,-3191.1068,-1537.7942,1584.318,807.524915,0,3374.744,-2033.7988,4374.428215,1340.9452,5715.373415
138,1217.8043,3254.22,2169.4632,0,0,0,-3156.9893,-1539.1934,1586.1762,805.00179,0,3378.7933,-2040.7172,4336.48279,1338.0761,5674.55889
139,1230.8901,3141.8764,2127.53,0,0,0,-3169.4155,-1539.7002,1593.5687,809.51966,0,3376.96,-2031.7986,4194.26916,1345.1614,5539.43056
140,1265.4238,3272.0038,2135.4328,0,0,0,-3183.838,-1537.3109,1560.6538,806.60332,0,3376.7852,-2033.5153,4318.96862,1343.2699,5662.23852
141,1235.1879,3276.1103,2178.1313,0,0,0,-3189.0772,-1538.1848,1587.5788,806.32051,0,3392.3446,-2047.5694,4356.06681,1344.7752,5700.84201
142,1225.705,3261.8678,2171.433,0,0,0,-3190.0397,-1535.7722,1585.134,808.14735,0,3381.0802,-2030.1218,4326.47525,1350.9584,5677.43365
143,1236.6173,3323.8023,2134.6721,0,0,0,-3162.9024,-1538.229,1584.8973,809.022325,0,3389.8498,-2042.4642,4387.879925,1347.3856,5735.265525
144,1227.1977,3268.5028,2163.9347,0,0,0,-3153.0959,-1542.8726,1596.1768,808.444195,0,3366.8107,-2027.6229,4368.287695,1339.1878,5707.475495
145,1231.5882,3197.8017,2140.4844,0,0,0,-3202.806,-1537.0757,1593.7196,807.566815,0,3374.2573,-2021.231,4231.279015,1353.0263,5584.305315
146,1223.331,3245.7719,2139.2055,0,0,0,-3206.3227,-1536.1114,1606.1143,806.720215,0,3373.0666,-2036.527,4278.708815,1336.5396,5615.248415
147,1302.5614,3130.6143,2175.1368,0,0,0,-3242.0104,-1534.3251,1574.3142,809.493765,0,3372.5044,-2015.0974,4215.784965,1357.407,5573.191965
148,1255.5819,3178.5358,2218.4342,0,0,0,-3193.5701,-1536.0864,1564.0394,806.49186,0,3373.6573,-2021.8696,4293.42666,1351.7877,5645.21436
149,1243.3278,3268.2417,2172.6466,0,0,0,-3197.5284,-1533.8257,1568.1097,803.681875,0,3374.6211,-2019.4969,4324.653575,1355.1242,5679.777775
150,1220.8279,3235.4726,2170.7614,0,0,0,-3214.7775,-1532.3407,1581.3944,800.650195,0,3377.0498,-2031.7734,4261.988295,1345.2764,5607.264695
151,1201.9415,3223.67,2177.0356,0,0,0,-3200.9899,-1532.6797,1574.1273,803.84484,0,3384.7894,-2030.7899,4246.94964,1353.9995,5600.94914
152,1206.0897,3274.5771,2175.1029,0,0,0,-3164.3325,-1530.6789,1596.2663,804.06488,0,3374.7062,-2028.5888,4361.08948,1346.1174,5707.20688
153,1182.6408,3220.0926,2151.1519,0,0,0,-3158.7639,-1536.4033,1605.2586,806.34358,0,3378.0279,-2027.9202,4270.32028,1350.1077,5620.42798
154,1241.8328,3231.2365,2177.5712,0,0,0,-3195.6152,-1536.3312,1602.7192,806.767515,0,3385.9895,-2029.1387,4328.180815,1356.8508,5685.031615
155,1291.6885,3183.8853,2130.8962,0,0,0,-3182.6962,-1528.9961,1553.2052,803.120995,0,3390.8846,-2025.5381,4251.103895,1365.3465,5616.450395
156,1221.9585,3227.5138,2162.704,0,0,0,-3178.625,-1535.0077,1591.593,807.71955,0,3376.7191,-2015.4887,4297.85615,1361.2304,5659.08655
157,1292.0357,3271.2166,2150.3428,0,0,0,-3185.9962,-1534.162,1563.5968,805.837845,0,3377.7586,-2021.3805,4362.871545,1356.3781,5719.249645
158,1258.0716,3157.2329,2121.3505,0,0,0,-3153.1488,-1532.4915,1590.6574,805.209165,0,3372.4902,-2021.9883,4246.881265,1350.5019,5597.383165
159,1223.6139,3179.6095,2115.2826,0,0,0,-3207.8412,-1537.0909,1611.2045,806.443005,0,3372.8446,-2014.7756,4191.221405,1358.069,5549.290405
160,1261.0903,3223.462,2136.0353,0,0,0,-3168.6006,-1538.7988,1597.6616,808.12533,0,3369.8962,-2020.2669,4318.97513,1349.6293,5668.60443
161,1261.4249,3285.5035,2156.8078,0,0,0,-3168.0312,-1534.6526,1580.7977,805.047445,0,3395.9923,-2035.6769,4386.897545,1360.3154,5747.212945
162,1254.13,3196.143,2169.2564,0,0,0,-3194.4253,-1531.781,1596.7398,808.761945,0,3393.1195,-2022.7815,4298.824845,1370.338,5669.162845
163,1238.2764,3168.7627,2130.8999,0,0,0,-3187.9299,-1536.5147,1565.4149,806.1902,0,3385.8383,-2030.8209,4185.0995,1355.0174,5540.1169
164,1249.5441,3246.2055,2109.2967,0,0,0,-3192.7659,-1534.936,1565.6424,806.90451,0,3379.847,-2019.0277,4249.89131,1360.8193,5610.71061
165,1180.8438,3282.3421,2143.6944,0,0,0,-3191.4653,-1532.2228,1590.1668,804.978135,0,3393.455,-2042.9885,4278.337135,1350.4665,5628.803635
166,1209.0898,3190.2282,2117.5856,0,0,0,-3177.4303,-1534.9588,1603.8766,806.25837,0,3377.2199,-2026.29,4214.64947,1350.9299,5565.57937
167,1330.7046,3183.782,2211.2287,0,0,0,-3213.6576,-1536.2127,1617.796,807.102055,0,3382.0961,-2015.8555,4400.743055,1366.2406,5766.983655
168,1253.4635,3188.302,2183.1984,0,0,0,-3166.2144,-1536.0655,1624.8389,807.570455,0,3374.8007,-2030.9714,4355.093355,1343.8293,5698.922655
169,1202.3549,3193.3285,2158.2677,0,0,0,-3142.853,-1540.2228,1575.7952,807.972645,0,3371.0443,-2031.6393,4254.643145,1339.405,5594.048145
170,1242.072,3271.4778,2176.1028,0,0,0,-3159.1341,-1539.2657,1583.7174,807.614615,0,3381.3307,-2038.5838,4382.584815,1342.7469,5725.331715
171,1276.2998,3260.9758,2134.6252,0,0,0,-3198.3466,-1531.7635,1560.7986,805.24493,0,3384.5389,-2031.2544,4307.83423,1353.2845,5661.11873
172,1225.238,3236.6423,2169.5919,0,0,0,-3146.0086,-1533.6376,1603.835,805.139545,0,3377.1585,-2027.3681,4360.800545,1349.7904,5710.590945
173,1298.3941,3144.2567,2148.3158,0,0,0,-3165.4146,-1531.7346,1561.0323,803.73926,0,3376.2466,-2019.7678,4258.58896,1356.4788,5615.06776
174,1262.7996,3143.7571,2151.4251,0,0,0,-3107.5539,-1537.4157,1611.8148,808.814715,0,3396.1813,-2055.8968,4333.641715,1340.2845,5673.926215
175,1236.5041,3289.9554,2175.8379,0,0,0,-3128.128,-1532.6513,1578.7704,804.43877,0,3401.4261,-2051.7102,4424.72727,1349.7159,5774.44317
176,1226.7253,3212.8161,2181.0901,0,0,0,-3125.3371,-1537.6333,1585.7232,807.05054,0,3393.4078,-2043.9784,4350.43484,1349.4294,5699.86424
177,1227.8283,3184.5427,2143.1066,0,0,0,-3168.7357,-1535.6312,1580.5466,806.36516,0,3388.4796,-2030.702,4238.02246,1357.7776,5595.80006
178,1247.8187,3251.661,2171.7036,0,0,0,-3152.0772,-1532.7944,1586.1043,802.823725,0,3385.8147,-2050.1827,4375.239725,1335.632,5710.871725
179,1210.9304,3212.8511,2130.3396,0,0,0,-3179.845,-1534.389,1610.1261,804.845275,0,3379.4643,-2028.0261,4254.858475,1351.4382,5606.296675
180,1262.3157,3239.83,2140.982,0,0,0,-3109.8998,-1534.207,1579.1595,803.872165,0,3396.3042,-2047.5949,4382.052565,1348.7093,5730.761865
181,1229.8044,3258.8118,2150.7242,0,0,0,-3161.9894,-1532.7677,1600.5156,801.17734,0,3387.9504,-2039.1745,4346.27624,1348.7759,5695.05214
182,1239.0331,3171.0092,2144.1443,0,0,0,-3129.4388,-1533.8378,1573.4317,802.732215,0,3399.2006,-2056.9941,4267.073915,1342.2065,5609.280415
183,1162.9737,3208.6786,2161.9243,0,0,0,-3133.294,-1540.276,1608.3711,810.50678,0,3404.2753,-2054.754,4278.88448,1349.5213,5628.40578
184,1225.27,3188.2294,2150.9789,0,0,0,-3177.8621,-1533.2212,1607.5853,804.09738,0,3394.6363,-2046.5547,4265.07768,1348.0816,5613.15928
185,1257.3076,3208.1596,2136.359,0,0,0,-3148.9607,-1539.076,1570.4862,809.57394,0,3391.9241,-2059.5756,4293.84964,1332.3485,5626.19814
186,1228.5888,3187.9651,2145.7973,0,0,0,-3172.7693,-1531.8404,1591.2879,804.321065,0,3405.9243,-2057.8371,4253.350465,1348.0872,5601.437665
187,1217.3969,3220.8664,2136.4086,0,0,0,-3133.6316,-1536.1178,1594.0023,803.311415,0,3386.5565,-2050.5528,4302.236215,1336.0037,5638.239915
188,1247.2899,3134.8538,2163.3222,0,0,0,-3163.5537,-1540.0661,1589.6724,804.541495,0,3373.8179,-2045.8744,4236.059995,1327.9435,5564.003495
189,1233.2598,3236.2696,2139.3089,0,0,0,-3166.509,-1536.8793,1578.6626,803.802975,0,3388.404,-2056.4204,4287.915575,1331.9836,5619.899175
190,1217.7437,3262.2313,2135.4649,0,0,0,-3145.2337,-1538.791,1590.8954,803.865885,0,3392.1367,-2054.3884,4326.176485,1337.7483,5663.924785
191,1238.7481,3185.3579,2141.0997,0,0,0,-3148.2484,-1534.6969,1582.894,803.75846,0,3411.3486,-2083.4712,4268.91286,1327.8774,5596.79026
192,1252.6347,3217.0553,2131.5594,0,0,0,-3112.024,-1537.1427,1566.661,804.11428,0,3389.5049,-2053.6899,4322.85798,1335.815,5658.67298
193,1226.5349,3266.3064,2151.8896,0,0,0,-3163.7317,-1534.9676,1550.8503,805.445075,0,3391.7257,-2045.1932,4302.326975,1346.5325,5648.859475
194,1220.7081,3244.5481,2178.1529,0,0,0,-3157.4865,-1541.5603,1607.2796,805.63116,0,3381.6803,-2044.8814,4357.27306,1336.7989,5694.07196
195,1213.679,3181.2319,2131.2107,0,0,0,-3169.0871,-1538.6216,1593.3681,806.98022,0,3371.5972,-2032.0837,4218.76122,1339.5135,5558.27472
196,1307.3518,3142.9941,2188.3508,0,0,0,-3172.1936,-1539.3116,1581.4254,803.497,0,3377.494,-2033.0039,4312.1139,1344.4901,5656.604
197,1252.7552,3190.9978,2126.2914,0,0,0,-3192.7946,-1535.5041,1567.4383,803.89307,0,3376.771,-2035.4053,4213.07707,1341.3657,5554.44277
198,1271.189,3209.2883,2132.9604,0,0,0,-3113.2959,-1538.6287,1573.5651,805.33796,0,3378.1744,-2042.8197,4340.41616,1335.3547,5675.77086
199,1229.524,3178.1981,2143.8961,0,0,0,-3140.8007,-1539.7062,1591.2283,807.428935,0,3388.3331,-2047.9859,4269.768535,1340.3472,5610.115735
,,,,,,,,,,,,,,,,
Receptor Energy Terms,,,,,,,,,,,,,,,,
Frame #,BOND,ANGLE,DIHED,UB,IMP,CMAP,VDWAALS,EEL,1-4 VDW,1-4 EEL,EPB,ENPOLAR,EDISPER,G gas,G solv,TOTAL
0,1169.1133,3155.3357,2190.1971,0,0,0,-3110.5715,-1541.726,1560.5412,831.160655,0,3390.0483,-2061.4383,4254.050455,1328.61,5582.660455
1,1186.924,3190.0823,2151.8011,0,0,0,-3111.7944,-1538.0686,1569.8234,832.23759,0,3401.9316,-2069.2918,4281.00539,1332.6398,5613.64519
2,1222.7941,3262.7406,2153.076,0,0,0,-3129.0475,-1543.2554,1557.299,835.290775,0,3380.603,-2043.2977,4358.897575,1337.3053,5696.202875
3,1213.8685,3238.3955,2181.3221,0,0,0,-3081.9197,-1541.6923,1564.2444,831.393495,0,3375.2732,-2049.5704,4405.611995,1325.7028,5731.314795
4,1189.2005,3148.3675,2128.9255,0,0,0,-3067.2789,-1540.2296,1575.3928,832.45476,0,3371.8192,-2040.582,4266.83256,1331.2372,5598.06976
5,1192.538,3201.9165,2164.3902,0,0,0,-3088.8267,-1543.9488,1558.3258,834.15186,0,3371.772,-2034.7995,4318.54686,1336.9725,5655.51936
6,1241.6415,3162.3247,2202.1114,0,0,0,-3140.9622,-1540.8353,1552.5066,833.59483,0,3388.1346,-2046.0766,4310.38153,1342.058,5652.43953
7,1225.907,3228.7161,2147.2897,0,0,0,-3101.3829,-1543.2925,1552.189,833.112085,0,3381.4819,-2038.8568,4342.538485,1342.6251,5685.163585
8,1245.9663,3231.7972,2131.5078,0,0,0,-3105.2052,-1547.092,1553.914,837.90678,0,3383.3057,-2039.789,4348.79488,1343.5167,5692.31158
9,1190.2153,3280.5175,2153.6863,0,0,0,-3051.2216,-1548.6423,1579.3343,834.5241,0,3381.8977,-2045.5025,4438.4136,1336.3952,5774.8088
10,1205.315,3281.7168,2177.6923,0,0,0,-3098.7948,-1543.3965,1552.823,829.81502,0,3382.0205,-2043.1323,4405.17082,1338.8882,5744.05902
11,1232.3494,3282.9972,2137.9927,0,0,0,-3076.985,-1543.1437,1573.8012,831.791815,0,3364.6325,-2031.0546,4438.803615,1333.5779,5772.381515
12,1298.293,3221.7784,2197.4922,0,0,0,-3115.339,-1535.0405,1544.1292,827.595545,0,3384.4822,-2046.9383,4438.908845,1337.5439,5776.452745
13,1204.3207,3279.1238,2170.0586,0,0,0,-3088.0279,-1538.4009,1581.6597,832.593835,0,3377.0829,-2044.7354,4441.327835,1332.3475,5773.675335
14,1223.8576,3252.6407,2168.1141,0,0,0,-3064.8815,-1542.2632,1559.2573,832.791865,0,3377.0734,-2045.7597,4429.516865,1331.3137,5760.830565
15,1193.8523,3179.8636,2160.7305,0,0,0,-3051.5981,-1542.9322,1582.3737,833.06031,0,3378.5712,-2047.9623,4355.35011,1330.6089,5685.95901
16,1275.2138,3241.879,2160.4896,0,0,0,-3075.0798,-1543.8998,1542.1938,833.84701,0,3386.1076,-2042.5541,4434.64361,1343.5535,5778.19711
17,1236.9296,3286.4532,2158.6258,0,0,0,-3098.6479,-1539.6107,1572.7736,830.885245,0,3386.6227,-2056.3728,4447.408845,1330.2499,5777.658745
18,1279.9216,3195.9018,2167.6395,0,0,0,-3113.2762,-1542.2939,1560.9678,830.823545,0,3370.3875,-2019.3709,4379.684145,1351.0166,5730.700745
19,1242.5359,3237.7429,2168.8975,0,0,0,-3112.3575,-1547.3983,1566.3681,834.010825,0,3354.0674,-2011.4459,4389.799425,1342.6215,5732.420925
20,1236.5756,3155.4667,2153.3748,0,0,0,-3094.7377,-1542.9204,1557.9956,835.29604,0,3388.9096,-2040.3438,4301.05064,1348.5658,5649.61644
21,1225.8623,3200.09,2166.7238,0,0,0,-3078.0389,-1543.3795,1549.4469,835.67168,0,3360.0682,-2018.4501,4356.37628,1341.6181,5697.99438
22,1195.9554,3289.6011,2191.7996,0,0,0,-3102.5447,-1540.3892,1553.2899,833.12546,0,3377.7491,-2031.1037,4420.83756,1346.6454,5767.48296
23,1220.1125,3237.7564,2165.1431,0,0,0,-3127.4537,-1537.9063,1547.893,832.6083,0,3380.6928,-2038.2646,4338.1533,1342.4282,5680.5815
24,1232.6764,3225.0367,2199.0411,0,0,0,-3127.3645,-1546.4871,1552.9806,834.47996,0,3379.5635,-2035.3292,4370.36316,1344.2343,5714.59746
25,1252.6555,3166.983,2152.0007,0,0,0,-3095.6601,-1550.4322,1559.9776,838.542965,0,3366.7918,-2022.9155,4324.067465,1343.8763,5667.943765
26,1202.0689,3192.8734,2190.2642,0,0,0,-3130.1217,-1547.5498,1561.3748,834.527715,0,3351.4309,-2014.183,4303.437515,1337.2479,5640.685415
27,1257.8446,3169.256,2137.5245,0,0,0,-3059.6386,-1547.1015,1578.1404,835.12437,0,3358.7215,-2017.7628,4371.14977,1340.9587,5712.10847
28,1198.7934,3190.5908,2169.2117,0,0,0,-3135.0764,-1541.6727,1559.6345,833.04346,0,3360.1721,-2011.4964,4274.52476,1348.6757,5623.20046
29,1269.4628,3267.4591,2176.5916,0,0,0,-3073.2102,-1546.1349,1546.8848,833.15098,0,3358.6318,-2017.5955,4474.20418,1341.0363,5815.24048
30,1264.9328,3201.4219,2167.3045,0,0,0,-3044.9289,-1550.4399,1566.0895,836.39341,0,3379.5777,-2048.2538,4440.77331,1331.3239,5772.09721
31,1202.4658,3158.4577,2168.7771,0,0,0,-3085.0322,-1544.0626,1577.7044,833.19578,0,3363.0638,-2039.3066,4311.50598,1323.7572,5635.26318
32,1239.1638,3152.0555,2182.0245,0,0,0,-3093.3902,-1545.2549,1559.4484,835.78785,0,3370.7703,-2041.9433,4329.83495,1328.827,5658.66195
33,1241.54,3158.7427,2167.9176,0,0,0,-3071.4576,-1548.3172,1594.7091,835.161995,0,3349.6401,-2020.8025,4378.296595,1328.8376,5707.134195
34,1224.5083,3258.9937,2164.7682,0,0,0,-3106.4325,-1544.9105,1573.1097,831.191245,0,3360.7627,-2042.8615,4401.228145,1317.9012,5719.129345
35,1245.4719,3234.5747,2144.8659,0,0,0,-3074.9603,-1549.5416,1580.5548,837.451015,0,3368.9748,-2039.5757,4418.416415,1329.3991,5747.815515
36,1260.6226,3219.2713,2165.6756,0,0,0,-3095.8856,-1543.5698,1560.8459,832.61888,0,3370.0426,-2034.2251,4399.57888,1335.8175,5735.39638
37,1284.3443,3273.7074,2193.7757,0,0,0,-3102.9841,-1546.867,1552.0659,832.78772,0,3362.0905,-2030.1774,4486.82992,1331.9131,5818.74302
38,1244.7646,3224.8186,2148.8846,0,0,0,-3134.333,-1545.6635,1534.5005,834.379525,0,3357.9797,-2025.7217,4307.351325,1332.258,5639.609325
39,1199.3019,3216.5518,2175.5563,0,0,0,-3093.8736,-1549.9393,1579.7824,835.8233,0,3353.9446,-2017.5205,4363.2028,1336.4241,5699.6269
40,1229.0321,3225.3616,2166.2496,0,0,0,-3125.964,-1548.124,1560.9913,835.89477,0,3367.7983,-2023.1064,4343.44137,1344.6919,5688.13327
41,1223.9691,3203.1814,2156.1418,0,0,0,-3107.6841,-1544.2746,1544.76,833.861515,0,3371.7247,-2040.4427,4309.955115,1331.282,5641.237115
42,1221.8191,3196.0955,2169.1006,0,0,0,-3120.1105,-1547.6335,1565.9732,838.40185,0,3370.4395,-2048.1617,4323.64625,1322.2778,5645.92405
43,1229.4933,3252.8779,2167.1546,0,0,0,-3092.034,-1544.9467,1574.3731,832.8769,0,3374.4605,-2051.5127,4419.7951,1322.9478,5742.7429
44,1201.5071,3254.6975,2089.5905,0,0,0,-3080.3552,-1546.5167,1553.4412,834.40022,0,3369.3244,-2050.023,4306.76462,1319.3014,5626.06602
45,1237.5951,3156.8071,2163.5439,0,0,0,-3092.6865,-1546.8328,1552.7437,834.868965,0,3361.3959,-2055.3697,4306.039465,1306.0262,5612.065665
46,1240.629,3210.1844,2208.408,0,0,0,-3091.9903,-1545.7527,1554.5413,833.241095,0,3368.3889,-2034.7213,4409.260795,1333.6676,5742.928395
47,1189.2283,3270.9296,2149.5312,0,0,0,-3122.7095,-1545.8521,1545.6285,837.204875,0,3371.7436,-2045.2541,4323.960875,1326.4895,5650.450375
48,1222.0505,3218.0109,2154.774,0,0,0,-3097.509,-1544.7042,1566.6357,834.43625,0,3370.1513,-2043.9681,4353.69415,1326.1832,5679.87735
49,1217.803,3209.6729,2197.0493,0,0,0,-3093.7581,-1544.3575,1560.1879,838.810365,0,3366.3477,-2033.8855,4385.407865,1332.4622,5717.870065
50,1208.6317,3222.7999,2152.9845,0,0,0,-3103.4459,-1545.8509,1575.2903,836.700555,0,3375.1976,-2041.4524,4347.110155,1333.7452,5680.855355
51,1201.6829,3228.342,2195.5294,0,0,0,-3090.6426,-1548.1098,1566.3944,833.0679,0,3356.5244,-2026.9846,4386.2642,1329.5398,5715.804
52,1231.1952,3164,2180.739,0,0,0,-3112.6766,-1543.7494,1546.9836,829.750185,0,3359.4161,-2032.1567,4296.241985,1327.2594,5623.501385
53,1213.583,3229.2635,2105.9521,0,0,0,-3103.75,-1546.0854,1558.859,833.856435,0,3358.1167,-2032.873,4291.678635,1325.2437,5616.922335
54,1260.8834,3181.325,2127.8093,0,0,0,-3098.8304,-1540.6419,1570.4345,831.00226,0,3381.359,-2061.4554,4331.98216,1319.9036,5651.88576
55,1262.5991,3266.6614,2155.8184,0,0,0,-3117.5368,-1548.3632,1564.7463,836.830495,0,3386.3722,-2059.7376,4420.755695,1326.6346,5747.390295
56,1210.5673,3220.3702,2136.5415,0,0,0,-3052.3305,-1554.7345,1591.6801,839.10995,0,3377.716,-2047.183,4391.20405,1330.533,5721.73705
57,1274.4698,3218.1403,2157.1042,0,0,0,-3078.2624,-1548.337,1579.6304,834.35575,0,3380.7022,-2049.3849,4437.10105,1331.3173,5768.41835
58,1237.6456,3264.7879,2133.4711,0,0,0,-3082.2135,-1545.6178,1575.7425,833.32342,0,3373.3501,-2046.1854,4417.13922,1327.1647,5744.30392
59,1225.5422,3264.1334,2154.2851,0,0,0,-3106.9459,-1550.549,1574.5621,837.240185,0,3371.2853,-2053.584,4398.268085,1317.7013,5715.969385
60,1235.2994,3065.5015,2169.6232,0,0,0,-3055.6702,-1547.7229,1567.0756,833.498785,0,3373.747,-2055.1557,4267.605385,1318.5913,5586.196685
61,1270.3599,3163.8824,2145.6601,0,0,0,-3090.2153,-1541.9922,1551.2184,831.665415,0,3379.5635,-2065.6083,4330.578715,1313.9552,5644.533915
62,1213.3798,3087.3845,2136.2372,0,0,0,-3058.2795,-1541.6642,1564.3961,833.3515,0,3397.0366,-2082.1987,4234.8054,1314.8379,5549.6433
63,1249.0713,3210.3775,2148.4656,0,0,0,-3064.3868,-1547.4424,1554.2632,836.964285,0,3391.2059,-2069.1709,4387.312685,1322.035,5709.347685
64,1249.6871,3214.0321,2177.9025,0,0,0,-3063.8539,-1542.8483,1539.0021,832.891025,0,3397.4098,-2064.5476,4406.812625,1332.8622,5739.674825
65,1198.9868,3210.8816,2185.2782,0,0,0,-3053.4966,-1545.503,1578.315,831.625595,0,3373.5439,-2042.1124,4406.087595,1331.4315,5737.519095
66,1213.0248,3289.9594,2163.7808,0,0,0,-3045.3134,-1546.2984,1559.2641,832.480255,0,3384.7704,-2070.8642,4466.897555,1313.9062,5780.803755
67,1223.3942,3172.6516,2141.438,0,0,0,-3087.3165,-1541.3453,1571.2644,833.30112,0,3394.8016,-2078.0878,4313.38752,1316.7138,5630.10132
68,1308.52,3218.21,2148.27,0,0,0,-3108.2316,-1545.4728,1545.6877,831.715395,0,3383.3199,-2068.0295,4398.698695,1315.2904,5713.989095
69,1217.6331,3246.5323,2142.9005,0,0,0,-3118.2859,-1546.6992,1538.8505,834.50417,0,3393.3794,-2074.566,4315.43547,1318.8134,5634.24887
70,1280.6844,3190.3733,2122.6569,0,0,0,-3057.5983,-1550.2899,1602.8683,837.58221,0,3384.3216,-2067.3263,4426.27691,1316.9953,5743.27221
71,1220.4659,3237.3163,2200.7645,0,0,0,-3058.5079,-1546.6564,1562.351,834.214165,0,3385.3564,-2064.6475,4449.947565,1320.7089,5770.656465
72,1202.7315,3232.3346,2180.4966,0,0,0,-3076.1231,-1547.3029,1573.7771,833.850785,0,3398.3926,-2066.8788,4399.764585,1331.5138,5731.278385
73,1200.8007,3158.1019,2174.0155,0,0,0,-3072.424,-1550.0185,1567.4628,838.80092,0,3400.6134,-2074.1069,4316.73932,1326.5065,5643.24582
74,1245.2886,3231.4128,2164.0078,0,0,0,-3071.899,-1548.6436,1561.574,836.07062,0,3389.2497,-2073.2375,4417.81122,1316.0122,5733.82342
75,1250.7669,3164.4445,2173.7253,0,0,0,-3106.7269,-1548.9586,1558.8969,836.05029,0,3366.9289,-2041.8607,4328.19839,1325.0682,5653.26659
76,1220.2072,3229.5136,2189.0962,0,0,0,-3077.8187,-1548.72,1567.7976,835.5807,0,3382.9561,-2060.3414,4415.6566,1322.6147,5738.2713
77,1212.3554,3202.5883,2123.1517,0,0,0,-3121.1062,-1547.9256,1552.6232,839.91212,0,3374.314,-2046.4708,4261.59892,1327.8432,5589.44212
78,1240.0389,3168.709,2140.1004,0,0,0,-3107.7696,-1548.7451,1581.372,837.750775,0,3372.5469,-2050.9642,4311.456375,1321.5827,5633.039075
79,1136.1017,3196.9501,2167.8935,0,0,0,-3075.6055,-1543.4095,1608.0439,835.534795,0,3358.9531,-2037.1822,4325.508995,1321.7709,5647.279895
80,1230.0657,3151.8799,2183.9669,0,0,0,-3089.4673,-1544.0634,1575.5891,834.45291,0,3394.3197,-2068.26,4342.42381,1326.0597,5668.48351
81,1211.8589,3290.7348,2126.2544,0,0,0,-3091.2293,-1545.5533,1567.1443,834.79254,0,3365.6626,-2039.6461,4394.00234,1326.0165,5720.01884
82,1199.9845,3199.4685,2129.7057,0,0,0,-3083.078,-1545.7494,1601.1768,835.92708,0,3375.122,-2057.6913,4337.43518,1317.4307,5654.86588
83,1218.554,3201.3497,2106.5001,0,0,0,-3107.1851,-1539.5313,1552.6308,831.126335,0,3373.7754,-2041.5811,4263.444535,1332.1943,5595.638835
84,1221.4435,3293.4819,2191.916,0,0,0,-3084.7057,-1545.0029,1543.3294,831.99474,0,3367.4344,-2052.6457,4452.45694,1314.7887,5767.24564
85,1177.376,3250.9508,2135.6105,0,0,0,-3097.7227,-1543.1587,1545.8152,833.848395,0,3374.7535,-2050.9192,4302.719495,1323.8343,5626.553795
86,1253.7951,3242.1879,2126.4967,0,0,0,-3079.0543,-1544.0829,1590.2262,831.157535,0,3370.2789,-2051.8476,4420.726235,1318.4313,5739.157535
87,1238.5328,3209.9278,2132.8783,0,0,0,-3098.3646,-1541.4741,1540.1734,833.290975,0,3369.5748,-2043.4168,4314.964575,1326.158,5641.122575
88,1218.3164,3192.5077,2157.0423,0,0,0,-3078.4563,-1544.1336,1562.3637,833.226795,0,3369.6599,-2049.8788,4340.866995,1319.7811,5660.648095
89,1235.8861,3280.9957,2146.4402,0,0,0,-3089.724,-1542.7382,1571.5995,831.64494,0,3376.5064,-2055.6687,4434.10424,1320.8377,5754.94194
90,1237.5645,3176.3721,2147.7452,0,0,0,-3104.1903,-1543.444,1556.6804,832.1506,0,3368.9228,-2042.5557,4302.8785,1326.3671,5629.2456
91,1236.6826,3214.7246,2134.4692,0,0,0,-3051.6586,-1550.5248,1560.0598,836.118345,0,3362.8134,-2037.251,4379.871145,1325.5624,5705.433545
92,1218.2708,3128.7967,2175.8367,0,0,0,-3083.2329,-1544.5018,1582.6151,833.852595,0,3367.0848,-2046.0839,4311.637195,1321.0009,5632.638095
93,1241.1837,3119.5826,2149.5716,0,0,0,-3102.4031,-1543.5102,1590.9793,831.7032,0,3375.6418,-2046.3578,4287.1071,1329.284,5616.3911
94,1166.4615,3201.3232,2115.4914,0,0,0,-3054.0835,-1546.7507,1567.1402,834.16106,0,3376.8702,-2059.7002,4283.74316,1317.17,5600.91316
95,1246.4621,3113.3866,2141.1643,0,0,0,-3072.9447,-1540.7732,1570.1485,832.26757,0,3386.6321,-2068.5528,4289.71117,1318.0793,5607.79047
96,1267.8654,3102.0696,2169.594,0,0,0,-3070.6613,-1546.3051,1570.3305,833.462645,0,3384.4869,-2065.5782,4326.355745,1318.9087,5645.264445
97,1241.0507,3128.2051,2162.0414,0,0,0,-3059.408,-1547.2484,1594.7869,834.051805,0,3388.919,-2067.4302,4353.479505,1321.4888,5674.968305
98,1196.5343,3192.6302,2173.0365,0,0,0,-3082.5974,-1539.5726,1567.9503,832.77766,0,3387.2794,-2060.6289,4340.75896,1326.6505,5667.40946
99,1243.6961,3183.6513,2128.2004,0,0,0,-3090.1099,-1545.4691,1556.2919,836.85587,0,3393.2896,-2078.0498,4313.11657,1315.2398,5628.35637
100,1239.0208,3185.471,2162.5889,0,0,0,-3085.191,-1540.786,1567.254,833.75004,0,3390.483,-2063.8722,4362.10774,1326.6108,5688.71854
101,1243.6797,3221.0441,2150.4016,0,0,0,-3110.0193,-1545.6224,1572.1384,834.558285,0,3371.3515,-2044.9053,4366.180385,1326.4462,5692.626585
102,1254.3549,3199.4911,2149.0505,0,0,0,-3120.3286,-1545.3599,1566.4704,832.65149,0,3374.7346,-2063.0078,4336.32989,1311.7268,5648.05669
103,1222.7251,3313.7582,2127.9017,0,0,0,-3128.5807,-1542.6662,1543.5463,830.41533,0,3361.7597,-2041.0338,4367.09973,1320.7259,5687.82563
104,1242.0996,3186.8766,2150.6817,0,0,0,-3130.5236,-1544.6459,1551.8282,833.353865,0,3358.0317,-2034.6056,4289.670465,1323.4261,5613.096565
105,1200.3949,3227.2094,2173.0816,0,0,0,-3043.7515,-1549.0228,1584.8549,835.743795,0,3373.5155,-2057.8876,4428.510295,1315.6279,5744.138195
106,1197.7903,3213.6881,2139.9079,0,0,0,-3055.1981,-1545.5242,1580.1568,833.81587,0,3386.3061,-2060.9135,4364.63667,1325.3926,5690.02927
107,1222.2031,3229.5264,2173.2934,0,0,0,-3125.3477,-1542.6927,1574.8459,833.998205,0,3364.264,-2052.7943,4365.826605,1311.4697,5677.296305
108,1234.5199,3297.6652,2204.777,0,0,0,-3078.1107,-1542.8364,1577.9551,833.38946,0,3374.0164,-2045.9951,4527.35956,1328.0213,5855.38086
109,1266.5918,3200.5663,2140.5133,0,0,0,-3103.3254,-1546.6528,1572.8038,834.32032,0,3363.593,-2038.5042,4364.81732,1325.0888,5689.90612
110,1276.9477,3157.1993,2151.0553,0,0,0,-3133.4187,-1544.753,1543.6682,833.49435,0,3363.4749,-2037.5729,4284.19315,1325.902,5610.09515
111,1188.6617,3178.0338,2137.8866,0,0,0,-3126.4392,-1546.8811,1553.5501,833.086495,0,3373.2462,-2046.6863,4217.898395,1326.5599,5544.458295
112,1231.0843,3214.418,2140.7833,0,0,0,-3081.6976,-1553.9467,1572.1476,836.9533,0,3361.4148,-2039.1406,4359.7422,1322.2742,5682.0164
113,1208.5609,3221.3922,2123.2284,0,0,0,-3127.8382,-1545.4015,1564.837,834.315765,0,3356.8032,-2031.9577,4279.094565,1324.8455,5603.940065
114,1264.6984,3198.562,2126.7929,0,0,0,-3068.9567,-1546.7014,1607.0638,835.113615,0,3368.3416,-2050.3158,4416.572615,1318.0258,5734.598415
115,1264.8745,3300.8735,2141.3724,0,0,0,-3088.1068,-1546.2059,1526.5389,832.40557,0,3371.0963,-2049.844,4431.75217,1321.2523,5753.00447
116,1183.698,3215.33,2132.6253,0,0,0,-3134.6032,-1541.4356,1541.358,832.561445,0,3382.1811,-2056.2402,4229.533945,1325.9409,5555.474845
117,1211.1013,3266.4159,2112.5727,0,0,0,-3058.7562,-1551.6323,1548.1835,839.024385,0,3378.7366,-2054.1393,4366.909285,1324.5973,5691.506585
118,1244.4748,3113.8527,2185.3865,0,0,0,-3088.5764,-1546.7628,1548.1887,835.574345,0,3373.1989,-2054.3208,4292.137845,1318.8781,5611.015945
119,1234.6542,3216.3507,2137.4053,0,0,0,-3099.4098,-1545.351,1558.5515,835.049585,0,3371.1955,-2048.2928,4337.250485,1322.9027,5660.153185
120,1211.1953,3293.9556,2172.4455,0,0,0,-3114.355,-1546.836,1566.2347,833.857745,0,3369.9859,-2038.8502,4416.497845,1331.1357,5747.633545
121,1244.8142,3214.9711,2149.459,0,0,0,-3154.3293,-1545.5054,1545.899,835.18403,0,3379.3225,-2046.029,4290.49263,1333.2935,5623.78613
122,1199.3183,3236.5771,2146.0996,0,0,0,-3071.0192,-1545.0262,1539.2274,832.3318,0,3383.0175,-2071.5006,4337.5088,1311.5169,5649.0257
123,1238.4415,3179.1914,2118.7786,0,0,0,-3094.9387,-1550.2706,1578.5013,840.317395,0,3382.5355,-2064.6953,4310.020895,1317.8402,5627.861095
124,1263.0313,3207.9862,2139.8667,0,0,0,-3073.196,-1550.2787,1525.1725,836.95038,0,3390.7429,-2070.6734,4349.53238,1320.0695,5669.60188
125,1189.7224,3121.0825,2169.6793,0,0,0,-3052.8729,-1551.437,1591.1541,838.64815,0,3376.9695,-2055.2026,4305.97655,1321.7669,5627.74345
126,1213.8461,3226.8029,2171.1197,0,0,0,-3084.0416,-1548.6944,1589.5456,837.516765,0,3393.1384,-2060.6868,4406.095065,1332.4516,5738.546665
127,1229.6084,3277.1356,2146.43,0,0,0,-3069.9021,-1550.6105,1549.3947,838.26341,0,3383.6175,-2060.2685,4420.31951,1323.349,5743.66851
128,1229.5443,3233.6645,2173.7042,0,0,0,-3069.1801,-1544.3101,1587.5735,831.20792,0,3371.6066,-2050.7904,4442.20422,1320.8162,5763.02042
129,1275.8147,3234.0752,2134.3749,0,0,0,-3054.4309,-1544.3806,1583.9905,833.111355,0,3385.2004,-2066.9212,4462.555155,1318.2792,5780.834355
130,1194.7501,3148.2094,2107.9698,0,0,0,-3068.7925,-1546.501,1563.938,838.092135,0,3395.0851,-2066.3037,4237.665935,1328.7814,5566.447335
131,1214.3894,3286.6497,2153.9045,0,0,0,-3052.1277,-1544.1628,1585.3716,834.671485,0,3392.5242,-2070.9351,4478.696185,1321.5891,5800.285285
132,1224.0358,3159.4602,2129.5769,0,0,0,-3108.8361,-1544.7224,1575.1724,836.245835,0,3382.2757,-2064.3764,4270.932635,1317.8993,5588.831935
133,1216.828,3247.3247,2145.7134,0,0,0,-3080.5803,-1546.6552,1559.7065,835.582675,0,3385.5879,-2062.9803,4377.919775,1322.6076,5700.527375
134,1266.5016,3235.1055,2130.407,0,0,0,-3067.2464,-1544.0149,1553.466,835.314215,0,3377.2955,-2051.3725,4409.533015,1325.923,5735.456015
135,1231.0183,3284.6199,2148.42,0,0,0,-3088.1295,-1548.1827,1574.8133,838.9512,0,3365.9697,-2035.3975,4441.5105,1330.5722,5772.0827
136,1212.8567,3163.0821,2191.1461,0,0,0,-3053.1171,-1544.2856,1547.0325,835.57503,0,3394.0314,-2067.3066,4352.28973,1326.7248,5679.01453
137,1274.2834,3259.179,2160.9219,0,0,0,-3092.8302,-1547.0431,1548.945,834.343205,0,3377.8436,-2054.0451,4437.799205,1323.7985,5761.597705
138,1187.6746,3192.653,2139.2713,0,0,0,-3069.4185,-1543.6498,1577.6933,832.58225,0,3383.3151,-2057.318,4316.80615,1325.9971,5642.80325
139,1216.0792,3241.3271,2173.9121,0,0,0,-3095.9793,-1543.229,1565.5436,835.94759,0,3372.1594,-2047.9456,4393.60129,1324.2138,5717.81509
140,1196.5393,3164.7035,2122.2299,0,0,0,-3084.1016,-1544.2857,1570.9887,836.25494,0,3366.9336,-2050.0203,4262.32904,1316.9133,5579.24234
141,1225.0306,3113.7544,2140.7571,0,0,0,-3116.2562,-1549.0869,1566.9944,838.758105,0,3376.8702,-2060.835,4219.951505,1316.0352,5535.986705
142,1245.5844,3150.8875,2132.4727,0,0,0,-3080.3955,-1549.5216,1572.9443,838.40415,0,3385.1957,-2063.393,4310.37595,1321.8027,5632.17865
143,1217.7514,3159.4087,2184.3739,0,0,0,-3114.6269,-1547.5544,1537.8518,836.191515,0,3371.0065,-2030.8117,4273.396015,1340.1948,5613.590815
144,1230.1097,3265.6758,2162.2155,0,0,0,-3066.24,-1545.7004,1568.0191,832.353925,0,3367.7935,-2044.2534,4446.433625,1323.5401,5769.973725
145,1224.0397,3225.0359,2165.4407,0,0,0,-3055.2126,-1552.3844,1618.5367,839.29565,0,3366.2154,-2042.0132,4464.75165,1324.2022,5788.95385
146,1277.1473,3249.4956,2126.2718,0,0,0,-3053.3563,-1549.7754,1552.5521,834.44447,0,3388.0921,-2070.3288,4436.77957,1317.7633,5754.54287
147,1229.4159,3268.1604,2161.05,0,0,0,-3081.8672,-1550.0575,1558.5136,835.776195,0,3375.5,-2053.6317,4420.991395,1321.8683,5742.859695
148,1275.3981,3251.4999,2172.8583,0,0,0,-3063.1819,-1550.9302,1585.2709,838.66544,0,3371.3704,-2048.6756,4509.58054,1322.6948,5832.27534
149,1269.1203,3198.4856,2140.0949,0,0,0,-3044.8162,-1552.4079,1586.7924,841.554305,0,3379.7856,-2056.0407,4438.823405,1323.7449,5762.568305
150,1233.4012,3183.1806,2194.7287,0,0,0,-3061.8236,-1549.8153,1569.0501,837.564675,0,3369.3717,-2053.4287,4406.286375,1315.943,5722.229375
151,1226.1339,3153.4677,2187.8113,0,0,0,-3051.1212,-1553.855,1540.5679,836.66657,0,3370.912,-2052.1754,4339.67117,1318.7366,5658.40777
152,1247.7242,3288.7151,2139.7713,0,0,0,-3077.0222,-1549.1693,1584.505,836.21047,0,3373.4824,-2060.36,4470.73457,1313.1224,5783.85697
153,1258.5645,3206.083,2143.0058,0,0,0,-3045.5923,-1557.3105,1569.9933,840.79228,0,3382.3465,-2074.223,4415.53608,1308.1235,5723.65958
154,1211.8761,3252.8894,2124.2521,0,0,0,-3129.8272,-1549.8595,1561.5208,837.76466,0,3366.2106,-2043.2978,4308.61636,1322.9128,5631.52916
155,1263.6348,3187.3811,2181.3493,0,0,0,-3082.2174,-1553.219,1585.2053,838.320115,0,3373.2036,-2056.0258,4420.454215,1317.1778,5737.632015
156,1254.7206,3208.2813,2141.5857,0,0,0,-3097.7131,-1551.64,1596.8054,839.33273,0,3373.506,-2056.3462,4391.37263,1317.1598,5708.53243
157,1228.6042,3199.2123,2160.1706,0,0,0,-3101.0102,-1554.4047,1556.0122,839.781485,0,3378.9871,-2050.0895,4328.365885,1328.8976,5657.263485
158,1210.5944,3243.955,2148.5152,0,0,0,-3109.6792,-1550.9423,1546.4723,836.073885,0,3377.1065,-2059.1506,4324.989285,1317.9559,5642.945185
159,1205.4634,3152.9218,2188.4999,0,0,0,-3071.4741,-1552.8689,1572.8787,840.01376,0,3379.0532,-2059.331,4335.43456,1319.7222,5655.15676
160,1214.002,3154.7335,2170.4771,0,0,0,-3088.0616,-1552.015,1563.9214,837.268175,0,3364.9538,-2050.007,4300.325575,1314.9468,5615.272375
161,1212.9868,3231.0968,2116.133,0,0,0,-3076.0212,-1548.6049,1578.1804,834.007875,0,3368.644,-2054.1411,4347.778775,1314.5029,5662.281675
162,1211.1941,3241.3674,2147.3004,0,0,0,-3066.8353,-1546.1871,1574.8466,834.71277,0,3376.0765,-2060.4372,4396.39887,1315.6393,5712.03817
163,1290.0112,3259.6801,2130.8434,0,0,0,-3076.0531,-1548.2873,1583.7048,837.664465,0,3377.4514,-2041.1314,4477.563565,1336.32,5813.883565
164,1256.4872,3232.3497,2140.6104,0,0,0,-3097.9226,-1544.7521,1563.0243,832.81121,0,3366.4091,-2040.4419,4382.60811,1325.9672,5708.57531
165,1227.2864,3219.6208,2123.2159,0,0,0,-3071.7324,-1551.4462,1582.5654,834.766965,0,3354.7525,-2033.6203,4364.276865,1321.1322,5685.409065
166,1275.0759,3195.3493,2162.4697,0,0,0,-3083.5061,-1551.5432,1534.0823,834.5174,0,3359.4255,-2027.1894,4366.4453,1332.2361,5698.6814
167,1210.952,3170.412,2162.5869,0,0,0,-3101.9696,-1548.8037,1585.2488,835.009875,0,3362.9788,-2034.64,4313.436275,1328.3388,5641.775075
168,1246.9604,3195.4993,2128.315,0,0,0,-3068.6196,-1549.4858,1559.1396,832.35572,0,3367.3352,-2051.345,4344.16462,1315.9902,5660.15482
169,1237.1016,3206.3712,2165.4741,0,0,0,-3113.3391,-1551.5346,1593.8053,835.831335,0,3352.7302,-2040.4861,4373.709835,1312.2441,5685.953935
170,1263.9106,3182.2719,2118.4262,0,0,0,-3064.915,-1549.7178,1594.2016,836.057915,0,3358.7593,-2039.6579,4380.235415,1319.1014,5699.336815
171,1227.2131,3111.8639,2120.0936,0,0,0,-3059.2969,-1552.095,1561.2575,834.56396,0,3373.1659,-2050.8032,4243.60016,1322.3627,5565.96286
172,1223.9957,3248.1145,2131.3743,0,0,0,-3078.1274,-1544.8231,1563.047,830.884325,0,3365.7618,-2045.9582,4374.465325,1319.8036,5694.268925
173,1193.5119,3235.2928,2111.4867,0,0,0,-3090.5142,-1543.2529,1550.7288,832.790115,0,3368.0487,-2045.9777,4290.043215,1322.071,5612.114215
174,1242.0709,3219.7029,2122.4928,0,0,0,-3129.6642,-1538.8595,1549.4934,828.0535,0,3366.3052,-2037.1806,4293.2898,1329.1246,5622.4144
175,1225.1756,3237.1058,2106.7112,0,0,0,-3025.6505,-1547.9402,1564.1156,830.79905,0,3369.8442,-2046.4134,4390.31655,1323.4308,5713.74735
176,1193.568,3188.4223,2153.7345,0,0,0,-3130.2759,-1540.9665,1556.4542,832.42944,0,3352.9428,-2031.5212,4253.36604,1321.4216,5574.78764
177,1200.3786,3183.2534,2153.3794,0,0,0,-3099.0858,-1539.9092,1571.2135,828.70276,0,3359.2791,-2030.322,4297.93266,1328.9571,5626.88976
178,1228.4855,3179.0118,2189.0264,0,0,0,-3088.9685,-1547.843,1575.1715,835.311105,0,3370.9073,-2045.2514,4370.194805,1325.6559,5695.850705
179,1236.5065,3215.4021,2145.7599,0,0,0,-3076.8995,-1540.6087,1571.9979,831.35039,0,3370.0143,-2039.5155,4383.50859,1330.4988,5714.00739
180,1235.062,3229.6756,2201.8405,0,0,0,-3109.0841,-1545.8235,1572.2167,834.91946,0,3366.1209,-2043.5267,4418.80666,1322.5942,5741.40086
181,1260.8702,3205.9578,2168.1827,0,0,0,-3082.0787,-1543.2745,1549.1625,834.47276,0,3370.071,-2033.3226,4393.29276,1336.7484,5730.04116
182,1181.8641,3203.7849,2159.5478,0,0,0,-3094.9004,-1539.6592,1555.3763,831.897295,0,3364.401,-2026.5082,4297.910795,1337.8928,5635.803595
183,1240.6097,3166.5244,2175.2871,0,0,0,-3094.9011,-1542.5017,1575.5045,834.86725,0,3371.0727,-2035.8865,4355.39015,1335.1862,5690.57635
184,1249.8033,3196.9196,2103.8781,0,0,0,-3092.9788,-1542.7327,1559.3841,832.8067,0,3367.5809,-2030.5549,4307.0803,1337.026,5644.1063
185,1188.0873,3199.5779,2139.3141,0,0,0,-3075.827,-1547.802,1584.2472,836.6061,0,3367.6565,-2041.9536,4324.2036,1325.7029,5649.9065
186,1208.0338,3171.0563,2155.7392,0,0,0,-3084.9619,-1543.8912,1562.4041,837.92527,0,3392.9352,-2059.0766,4306.30557,1333.8586,5640.16417
187,1268.0658,3248.6241,2203.3627,0,0,0,-3099.7565,-1544.5053,1560.7607,833.87853,0,3367.0328,-2035.3124,4470.43003,1331.7204,5802.15043
188,1299.1925,3194.6002,2170.0155,0,0,0,-3122.2336,-1548.0357,1559.1535,835.818135,0,3345.9215,-2017.7654,4388.510535,1328.1561,5716.666635
189,1219.2512,3170.4487,2140.836,0,0,0,-3083.9063,-1545.1508,1586.7372,836.207,0,3368.7385,-2026.5532,4324.423,1342.1853,5666.6083
190,1220.5922,3262.0335,2172.6682,0,0,0,-3105.794,-1545.7969,1560.0147,835.7982,0,3367.4959,-2026.8907,4399.5159,1340.6052,5740.1211
191,1251.9817,3206.4792,2147.593,0,0,0,-3059.9308,-1553.4945,1565.2088,839.849235,0,3382.4599,-2046.1473,4397.686635,1336.3126,5733.999235
192,1240.0098,3171.8796,2184.3217,0,0,0,-3085.6505,-1543.3764,1587.8267,831.374055,0,3372.0933,-2040.8862,4386.384955,1331.2071,5717.592055
193,1245.5338,3231.8967,2117.5357,0,0,0,-3105.5055,-1544.8939,1578.2424,835.786145,0,3376.7521,-2052.4093,4358.595345,1324.3428,5682.938145
194,1254.1014,3202.2952,2140.3351,0,0,0,-3099.6263,-1544.3168,1569.8399,831.97488,0,3379.143,-2060.6517,4354.60338,1318.4913,5673.09468
195,1194,3190.8004,2157.0875,0,0,0,-3122.8585,-1545.6745,1570.4383,839.209185,0,3367.0281,-2030.7938,4283.002385,1336.2343,5619.236685
196,1254.9805,3233.6758,2161.4949,0,0,0,-3039.9653,-1545.0261,1556.7694,831.67695,0,3372.6272,-2047.3337,4453.60615,1325.2935,5778.89965
197,1198.4547,3230.0602,2142.8745,0,0,0,-3091.3603,-1545.7559,1554.6115,832.76192,0,3377.7255,-2044.7599,4321.64662,1332.9656,5654.61222
198,1274.3572,3192.845,2162.5334,0,0,0,-3132.7785,-1545.2686,1577.7462,836.03204,0,3376.7332,-2045.072,4365.46674,1331.6612,5697.12794
199,1203.4291,3224.3488,2183.0621,0,0,0,-3097.1986,-1551.5118,1571.4288,837.66388,0,3369.6505,-2043.5633,4371.22228,1326.0872,5697.30948
,,,,,,,,,,,,,,,,
Ligand Energy Terms,,,,,,,,,,,,,,,,
Frame #,BOND,ANGLE,DIHED,UB,IMP,CMAP,VDWAALS,EEL,1-4 VDW,1-4 EEL,EPB,ENPOLAR,EDISPER,G gas,G solv,TOTAL
0,15.2421,28.7288,30.0302,0,0,0,-10.1235,9.0275,15.2056,-26.307715,0,51.8972,-48.5016,61.802985,3.3956,65.198585
1,15.1283,24.4162,28.9958,0,0,0,-5.5357,9.4233,19.6202,-26.712265,0,51.0183,-48.2879,65.335835,2.7304,68.066235
2,10.7513,22.8397,30.6638,0,0,0,-4.9922,9.5114,16.8962,-26.814355,0,51.6373,-49.5632,58.855845,2.0741,60.929945
3,18.0146,27.7905,25.7161,0,0,0,-3.4089,9.3255,16.2301,-26.72788,0,51.0136,-49.3501,66.94002,1.6635,68.60352
4,12.351,22.7241,35.1877,0,0,0,-7.8125,9.2167,13.6839,-26.619325,0,51.3255,-48.4171,58.731575,2.9084,61.639975
5,9.8547,20.482,36.91,0,0,0,-7.9121,9.1106,16.6797,-26.541235,0,51.0467,-47.526,58.583665,3.5207,62.104365
6,11.4562,26.4444,27.254,0,0,0,-7.5994,9.4535,16.2085,-26.82325,0,52.0059,-49.1219,56.39395,2.884,59.27795
7,15.2291,30.1381,27.9923,0,0,0,-8.3649,9.3291,19.4284,-26.669165,0,50.1631,-47.6312,67.082935,2.5319,69.614835
8,11.6138,24.7441,31.1053,0,0,0,-8.6502,9.3108,16.2781,-26.695345,0,50.5269,-48.0657,57.706555,2.4612,60.167755
9,8.2511,21.4573,34.1642,0,0,0,-8.5976,9.1423,15.1921,-26.466505,0,50.2293,-47.5499,53.142895,2.6794,55.822295
10,11.9514,29.7438,35.8645,0,0,0,-4.7547,9.3329,15.9985,-26.62421,0,50.9049,-48.5395,71.51219,2.3654,73.87759
11,12.8308,21.9613,31.8275,0,0,0,-8.6196,9.4438,19.5813,-26.810535,0,49.4355,-46.9489,60.214565,2.4866,62.701165
12,14.706,25.6188,30.377,0,0,0,-8.8097,9.4526,17.1855,-26.786975,0,50.664,-47.582,61.743225,3.082,64.825225
13,13.5117,31.8725,35.7755,0,0,0,-8.8949,9.2685,17.4338,-26.378435,0,50.9333,-47.7026,72.588665,3.2307,75.819365
14,14.2264,22.7744,27.2073,0,0,0,-8.0334,9.1466,17.1815,-26.480115,0,50.0214,-47.6271,56.022685,2.3943,58.416985
15,12.059,19.5589,26.6591,0,0,0,-8.7154,9.1995,16.9128,-26.539395,0,51.642,-49.1212,49.134505,2.5208,51.655305
16,11.2859,32.257,29.1031,0,0,0,-6.8156,9.4008,14.7425,-26.517605,0,52.0815,-48.8288,63.456095,3.2527,66.708795
17,15.4182,30.5666,29.8037,0,0,0,-6.6276,9.5328,15.5596,-26.86391,0,52.1429,-48.9301,67.38939,3.2128,70.60219
18,11.9026,26.2259,28.6563,0,0,0,-10.2395,9.1655,15.4066,-26.46065,0,50.8766,-47.7872,54.65675,3.0894,57.74615
19,13.5405,25.1446,26.4364,0,0,0,-9.1268,9.2117,14.4608,-26.48355,0,50.5459,-47.9,53.18365,2.6459,55.82955
20,10.5644,33.7883,26.7682,0,0,0,-6.8689,9.22,16.9565,-26.75183,0,51.4058,-49.216,63.67667,2.1898,65.86647
21,12.6611,25.6495,25.6534,0,0,0,-6.1482,9.3732,15.3023,-26.85676,0,51.4483,-48.6698,55.63454,2.7785,58.41304
22,12.4328,24.5842,31.7428,0,0,0,-7.6736,9.3162,15.8864,-26.535145,0,51.7129,-48.652,59.753655,3.0609,62.814555
23,18.9873,18.8648,34.9504,0,0,0,-9.439,9.3499,17.5128,-26.897815,0,52.0389,-49.2324,63.328385,2.8065,66.134885
24,7.2179,28.9057,33.2568,0,0,0,-9.0585,9.1661,15.909,-26.587145,0,52.5067,-49.3449,58.809855,3.1618,61.971655
25,16.5632,31.4296,28.5232,0,0,0,-9.4059,9.1464,13.6395,-26.62961,0,50.9333,-48.3786,63.26639,2.5547,65.82109
26,11.6977,29.4829,32.0119,0,0,0,-7.0158,9.6668,18.138,-27.268975,0,51.3822,-48.5475,66.712525,2.8347,69.547225
27,8.1586,22.7741,33.0173,0,0,0,-9.2634,9.1806,15.8268,-26.45329,0,51.2877,-48.417,53.24071,2.8707,56.11141
28,10.5854,26.089,31.0277,0,0,0,-7.4691,9.2303,16.6544,-26.5654,0,51.127,-48.0002,59.5523,3.1268,62.6791
29,13.0313,19.4633,33.1423,0,0,0,-4.5787,9.3977,14.3736,-26.85004,0,52.8611,-50.7533,57.97946,2.1078,60.08726
30,16.1998,28.1514,26.8244,0,0,0,-3.465,9.5593,16.2779,-27.005945,0,52.3697,-50.47,66.541855,1.8997,68.441555
31,15.4904,24.4681,31.1944,0,0,0,-4.7578,9.3709,16.1396,-26.872555,0,52.2563,-49.9831,65.033045,2.2732,67.306245
32,10.8656,30.4227,33.5655,0,0,0,-6.7606,9.2384,15.2638,-26.284575,0,53.0596,-49.968,66.310825,3.0916,69.402425
33,15.3613,26.9761,32.2785,0,0,0,-7.8234,9.4546,17.9165,-26.917645,0,51.4011,-48.8187,67.245955,2.5824,69.828355
34,9.4097,24.7018,27.4323,0,0,0,-7.3748,9.2305,16.4194,-26.61741,0,50.9239,-48.1888,53.20149,2.7351,55.93659
35,14.513,30.3709,30.9574,0,0,0,-5.3337,9.2248,15.5154,-26.67009,0,50.8483,-48.7414,68.57771,2.1069,70.68461
36,12.5155,24.9874,31.1467,0,0,0,-5.8737,9.5681,17.3531,-26.894915,0,51.2215,-48.648,62.802185,2.5735,65.375685
37,18.2054,24.1529,27.2915,0,0,0,-9.1673,9.1193,17.0881,-26.435085,0,51.2782,-47.9907,60.254815,3.2875,63.542315
38,24.4085,19.5541,30.9288,0,0,0,-6.5762,9.5409,15.6802,-26.89087,0,51.5239,-48.8816,66.64543,2.6423,69.28773
39,10.0993,31.8773,28.8235,0,0,0,-7.3098,9.2191,14.3407,-26.399305,0,52.4264,-49.1954,60.650795,3.231,63.881795
40,11.1743,25.3894,33.7345,0,0,0,-8.5959,9.188,17.0295,-26.526565,0,52.1949,-49.1683,61.393235,3.0266,64.419835
41,11.2684,22.4106,31.0275,0,0,0,-9.8515,9.2777,15.6308,-26.61102,0,51.042,-48.4377,53.15248,2.6043,55.75678
42,11.728,23.2942,33.1114,0,0,0,-6.2158,9.2717,16.9233,-26.666565,0,51.8783,-49.2555,61.446235,2.6228,64.069035
43,12.3717,18.5412,32.3805,0,0,0,-7.0872,9.47,15.6723,-26.61294,0,51.2688,-48.081,54.73556,3.1878,57.92336
44,11.2507,26.6574,24.7869,0,0,0,-7.3039,9.2325,15.338,-26.57307,0,51.1034,-48.8271,53.38853,2.2763,55.66483
45,12.444,22.3154,36.3468,0,0,0,-9.3663,9.062,15.4941,-26.36359,0,51.8074,-48.341,59.93241,3.4664,63.39881
46,16.6977,24.7905,30.2643,0,0,0,-10.1832,9.0712,16.8066,-26.583205,0,50.4183,-48.5023,60.863895,1.916,62.779895
47,10.6028,25.6527,27.0667,0,0,0,-3.8517,9.1497,16.9254,-26.490035,0,49.9883,-48.2649,59.055565,1.7234,60.778965
48,9.0855,33.4063,25.619,0,0,0,-6.7343,9.2174,19.8087,-26.712535,0,50.5411,-48.3405,63.690065,2.2006,65.890665
49,12.6757,25.7743,29.1064,0,0,0,-7.3912,9.2832,17.7694,-26.699795,0,50.3946,-48.0512,60.518005,2.3434,62.861405
50,14.0864,22.5092,31.7513,0,0,0,-6.8549,9.3633,16.0573,-26.8179,0,51.6609,-48.8696,60.0947,2.7913,62.886
51,7.6308,24.3847,34.92,0,0,0,-5.2201,9.3303,14.4736,-26.63502,0,51.7554,-49.2396,58.88428,2.5158,61.40008
52,16.3601,19.6769,26.9871,0,0,0,-8.8569,9.4342,17.3659,-26.81197,0,51.0136,-48.1083,54.15533,2.9053,57.06063
53,18.4689,32.7414,29.4041,0,0,0,-3.2227,9.4878,16.1747,-26.72821,0,52.5256,-50.8357,76.32599,1.6899,78.01589
54,15.2683,22.3999,29.7107,0,0,0,-7.7862,9.1143,14.2102,-26.33835,0,52.2374,-49.4106,56.57885,2.8268,59.40565
55,13.613,23.1871,29.3574,0,0,0,-5.6225,9.2282,15.4544,-26.59263,0,49.9174,-47.3763,58.62497,2.5411,61.16607
56,17.3696,29.6648,25.43,0,0,0,-5.7367,9.3854,15.3131,-26.753755,0,51.5476,-49.4445,64.672445,2.1031,66.775545
57,14.2406,32.3901,26.7347,0,0,0,-8.1104,9.3655,15.607,-26.688985,0,51.5097,-49.0025,63.538515,2.5072,66.045715
58,14.3565,21.6952,32.7261,0,0,0,-6.2628,9.4646,15.9929,-26.982935,0,50.6073,-48.3635,60.989565,2.2438,63.233365
59,12.2462,21.2517,28.3992,0,0,0,-8.4712,9.1001,16.3064,-26.398045,0,51.179,-48.2567,52.434355,2.9223,55.356655
60,9.6513,28.3637,32.4469,0,0,0,-6.8599,9.1824,14.4817,-26.525605,0,51.9066,-49.0339,60.740495,2.8727,63.613195
61,11.6447,28.4493,35.0573,0,0,0,-10.2201,9.2185,17.8831,-26.64819,0,50.3474,-47.7448,65.38461,2.6026,67.98721
62,11.5005,29.8025,35.4156,0,0,0,-8.5929,9.1806,13.6251,-26.50373,0,51.1696,-48.67,64.42767,2.4996,66.92727
63,11.7267,24.2062,28.7526,0,0,0,-6.0153,9.5047,20.5848,-27.10383,0,50.6876,-48.96,61.65587,1.7276,63.38347
64,8.6011,20.2359,32.9084,0,0,0,-5.6312,9.248,14.6865,-26.74112,0,51.5806,-49.2394,53.30758,2.3412,55.64878
65,13.4582,26.2948,32.6407,0,0,0,-7.0722,8.9149,17.6887,-26.150635,0,51.2451,-48.5542,65.774465,2.6909,68.465365
66,16.2643,31.3415,26.7855,0,0,0,-6.171,9.0067,13.027,-26.51405,0,51.7602,-49.2222,63.73995,2.538,66.27795
67,17.7321,27.7555,24.2423,0,0,0,-1.4713,9.5262,15.8293,-26.68857,0,51.1601,-48.4997,66.92553,2.6604,69.58593
68,10.8409,17.5713,32.3269,0,0,0,-9.4867,9.3474,14.5009,-26.66732,0,50.8955,-48.2344,48.43338,2.6611,51.09448
69,10.3314,24.3103,30.6412,0,0,0,-4.4853,9.369,16.4342,-26.717955,0,49.5063,-47.7595,59.882845,1.7468,61.629645
70,10.9061,27.9483,32.2371,0,0,0,-8.4189,9.162,16.7581,-26.772035,0,49.6434,-47.7008,61.820665,1.9426,63.763265
71,12.0622,29.6976,32.5281,0,0,0,-8.9441,9.4169,13.1525,-26.749465,0,51.7791,-48.9668,61.163735,2.8123,63.976035
72,11.4146,28.2598,29.8014,0,0,0,-7.7714,8.9703,16.9787,-26.240345,0,51.5948,-48.3485,61.413055,3.2463,64.659355
73,18.4334,26.3955,36.8589,0,0,0,-7.9248,9.11,14.118,-26.460375,0,51.7885,-48.5851,70.530625,3.2034,73.734025
74,13.4533,25.7258,26.0401,0,0,0,-6.4052,9.212,15.3631,-26.756,0,51.2688,-48.8087,56.6331,2.4601,59.0932
75,16.1421,27.5041,32.8709,0,0,0,-9.3342,9.4118,16.3349,-26.87422,0,51.127,-48.4652,66.05538,2.6618,68.71718
76,11.6413,33.7497,28.0953,0,0,0,-4.8843,9.3576,17.7717,-26.71008,0,51.4578,-48.942,69.02122,2.5158,71.53702
77,10.8945,24.9789,33.7148,0,0,0,-7.3183,9.1446,17.678,-26.537465,0,51.2688,-48.4472,62.555035,2.8216,65.376635
78,12.8771,26.0689,29.1258,0,0,0,-7.5392,9.0562,14.955,-26.4959,0,52.5114,-49.6862,58.0479,2.8252,60.8731
79,8.2137,19.6944,30.0249,0,0,0,-8.0673,9.2156,15.639,-26.57596,0,49.0716,-47.4783,48.14434,1.5933,49.73764
80,16.37,25.8326,29.8506,0,0,0,-7.2406,9.0304,16.2986,-26.44408,0,51.9964,-49.272,63.69752,2.7244,66.42192
81,10.7308,31.8619,25.5996,0,0,0,-5.5732,9.3341,16.5784,-26.60708,0,51.7791,-49.7306,61.92452,2.0485,63.97302
82,8.9885,30.1649,37.5896,0,0,0,-10.1015,9.3899,15.9468,-26.67855,0,50.371,-47.1331,65.29965,3.2379,68.53755
83,11.801,26.7602,28.8698,0,0,0,-8.0089,9.4196,16.2302,-26.791055,0,51.4578,-48.8523,58.280845,2.6055,60.886345
84,13.8891,21.8807,37.3058,0,0,0,-7.9227,9.2849,15.5403,-26.691045,0,50.9144,-47.7672,63.287055,3.1472,66.434255
85,10.7249,28.0037,27.3148,0,0,0,-5.8015,9.2503,15.5022,-26.82645,0,52.1854,-49.3062,58.16795,2.8792,61.04715
86,13.1874,29.146,33.9032,0,0,0,-11.5955,9.3069,14.7848,-26.87038,0,50.1584,-47.6749,61.86242,2.4835,64.34592
87,12.0271,27.2569,32.7531,0,0,0,-6.4402,9.4712,14.7837,-26.749335,0,51.2215,-48.9573,63.102465,2.2642,65.366665
88,8.0023,19.4895,32.8157,0,0,0,-10.3914,9.1625,16.6007,-26.409705,0,51.3019,-47.8115,49.269595,3.4904,52.759995
89,11.7004,23.2404,28.8321,0,0,0,-6.8147,9.1419,15.1804,-26.49054,0,51.042,-48.2997,54.78996,2.7423,57.53226
90,14.8681,23.5089,29.9596,0,0,0,-8.2752,9.3449,14.8137,-26.98453,0,51.42,-49.0958,57.23547,2.3242,59.55967
91,10.861,29.6767,33.5321,0,0,0,-7.5858,9.2976,17.6438,-27.13956,0,51.0514,-48.3276,66.28584,2.7238,69.00964
92,17.4691,28.7539,32.3384,0,0,0,-5.7059,9.5567,13.3183,-26.72728,0,52.587,-49.7763,69.00322,2.8107,71.81392
93,12.3931,21.944,31.8657,0,0,0,-7.5716,9.2665,16.6379,-26.82516,0,50.7112,-48.525,57.71044,2.1862,59.89664
94,10.7129,25.0612,31.7202,0,0,0,-8.6912,9.178,15.2029,-26.43574,0,50.423,-47.8383,56.74826,2.5847,59.33296
95,8.0538,24.9865,30.9828,0,0,0,-8.9356,9.126,15.5611,-26.489925,0,51.1554,-48.1777,53.284675,2.9777,56.262375
96,8.9025,30.9807,35.1851,0,0,0,-8.2793,9.1894,18.3934,-26.741935,0,51.694,-48.3176,67.629865,3.3764,71.006265
97,10.191,31.0733,30.2102,0,0,0,-5.5323,8.7498,19.385,-25.92193,0,51.5192,-49.0683,68.15507,2.4509,70.60597
98,12.2667,18.381,30.8496,0,0,0,-8.523,9.1273,16.2597,-26.483305,0,50.6781,-47.6157,51.877995,3.0624,54.940395
99,20.2237,26.5007,40.4218,0,0,0,-9.7819,9.0145,17.0945,-26.607175,0,50.3994,-46.6477,76.866125,3.7517,80.617825
100,10.4136,28.1971,30.2413,0,0,0,-5.8584,9.1473,15.4285,-26.1501,0,51.1743,-48.4586,61.4193,2.7157,64.135
101,9.188,18.7205,33.8768,0,0,0,-8.5305,9.2418,15.2902,-26.6882,0,50.8813,-47.2371,51.0986,3.6442,54.7428
102,12.5659,22.1728,32.2237,0,0,0,-10.4615,9.1311,13.5764,-26.52327,0,50.8813,-47.2844,52.68513,3.5969,56.28203
103,12.5388,29.0174,37.7863,0,0,0,-10.0171,8.8935,14.6515,-26.435725,0,50.1159,-47.0093,66.434675,3.1066,69.541275
104,14.8645,22.6019,28.1069,0,0,0,-9.5812,9.2088,14.2802,-26.719995,0,49.8087,-46.3402,52.761105,3.4685,56.229605
105,15.6683,18.2959,31.5852,0,0,0,-5.2074,9.3446,15.8878,-26.739725,0,49.7379,-46.8122,58.834675,2.9257,61.760375
106,9.0626,24.6001,30.4762,0,0,0,-3.2649,9.5615,17.1511,-27.05655,0,51.6184,-48.7928,60.53005,2.8256,63.35565
107,8.7229,26.2905,29.7302,0,0,0,-7.0814,8.9763,15.7935,-26.48135,0,50.6876,-47.6493,55.95065,3.0383,58.98895
108,14.9383,34.492,29.6082,0,0,0,-11.0383,8.9567,13.5069,-26.381425,0,49.7946,-46.5873,64.082375,3.2073,67.289675
109,17.2457,23.0595,27.6861,0,0,0,-3.2901,9.4515,18.1009,-26.99194,0,50.664,-48.8595,65.26166,1.8045,67.06616
110,11.4979,23.2608,28.8707,0,0,0,-7.306,9.4061,14.2289,-26.425225,0,50.664,-47.2147,53.533175,3.4493,56.982475
111,16.8067,29.6536,29.5539,0,0,0,-10.0019,9.0807,13.0942,-26.375575,0,50.1631,-46.4884,61.811625,3.6747,65.486325
112,12.608,31.5471,29.1881,0,0,0,-7.1305,9.5139,16.9534,-26.918325,0,48.5519,-46.7989,65.761675,1.753,67.514675
113,10.4867,17.9067,33.3282,0,0,0,-10.3779,9.1792,14.5354,-26.52415,0,51.0278,-47.0489,48.53415,3.9789,52.51305
114,11.5957,26.1795,30.0332,0,0,0,-9.3835,9.1555,14.2896,-26.60552,0,49.4355,-46.5533,55.26448,2.8822,58.14668
115,7.3692,23.2605,29.4901,0,0,0,-6.0361,9.1677,17.6667,-26.5042,0,50.0403,-47.4041,54.4139,2.6362,57.0501
116,2.9251,24.581,31.4649,0,0,0,-8.1554,9.0049,16.5664,-26.426405,0,49.667,-46.8725,49.960495,2.7945,52.754995
117,11.7365,28.8533,34.7654,0,0,0,-5.4711,9.1108,15.527,-26.690185,0,51.7933,-49.2187,67.831715,2.5746,70.406315
118,9.8533,32.7889,33.1463,0,0,0,-5.8245,8.9435,15.3066,-26.14857,0,50.3521,-47.6057,68.06553,2.7464,70.81193
119,14.3195,23.0601,27.5514,0,0,0,-5.0391,9.2715,14.8947,-26.7476,0,51.0987,-48.6387,57.3105,2.46,59.7705
120,8.9821,29.1131,32.7879,0,0,0,-10.9618,8.8933,15.2554,-26.32353,0,49.752,-46.5297,57.74647,3.2223,60.96877
121,7.5381,26.7614,29.7491,0,0,0,-4.1082,9.3784,19.0868,-26.80703,0,50.4277,-47.6726,61.59857,2.7551,64.35367
122,10.0086,26.8109,29.7739,0,0,0,-6.9161,9.0243,15.4934,-26.42902,0,50.2718,-47.7405,57.76598,2.5313,60.29728
123,13.0406,35.2933,29.9044,0,0,0,-7.7917,9.1954,15.8889,-26.71627,0,50.853,-48.4828,68.81463,2.3702,71.18483
124,13.9688,23.7992,31.3581,0,0,0,-9.2105,9.268,15.224,-26.77867,0,50.7585,-47.4236,57.62893,3.3349,60.96383
125,7.8808,26.4024,33.388,0,0,0,-9.7788,8.8942,15.8202,-26.225965,0,49.1803,-46.4202,56.380835,2.7601,59.140935
126,15.0255,18.184,34.6397,0,0,0,-8.1065,9.2944,15.277,-26.7155,0,49.4827,-46.616,57.5986,2.8667,60.4653
127,11.518,19.8446,31.7536,0,0,0,-9.1471,8.989,13.6196,-26.248785,0,50.4891,-47.3597,50.328915,3.1294,53.458315
128,12.1767,30.8187,37.2606,0,0,0,-9.5017,8.8799,17.2979,-26.510425,0,49.8135,-46.8938,70.421675,2.9197,73.341375
129,8.679,21.6407,34.9997,0,0,0,-9.3765,9.0013,15.5672,-26.388515,0,52.072,-49.2112,54.122885,2.8608,56.983685
130,9.2067,31.1647,31.1923,0,0,0,-5.6726,9.1284,15.4393,-26.621145,0,50.6829,-48.6661,63.837655,2.0168,65.854455
131,13.1974,22.1856,31.9881,0,0,0,-5.5951,9.2679,16.704,-26.646395,0,52.7146,-50.863,61.101505,1.8516,62.953105
132,10.6155,20.0866,33.7617,0,0,0,-5.8996,9.5322,16.989,-26.893215,0,51.9633,-49.4683,58.192185,2.495,60.687185
133,10.5565,26.3064,33.0577,0,0,0,-5.4995,9.0979,15.3704,-26.351145,0,52.7193,-49.9824,62.538255,2.7369,65.275155
134,12.5843,23.3241,36.192,0,0,0,-6.911,9.3779,18.1262,-26.79765,0,51.9303,-49.3385,65.89585,2.5918,68.48765
135,24.8907,19.9663,26.1082,0,0,0,-4.1276,9.4648,16.6695,-26.872175,0,52.45,-50.0192,66.099725,2.4308,68.530525
136,9.8996,29.1313,31.3011,0,0,0,-6.9903,9.426,17.2262,-26.83101,0,52.6248,-49.4217,63.16289,3.2031,66.36599
137,16.6576,26.3716,29.895,0,0,0,-4.1348,9.3981,15.1174,-26.64618,0,52.365,-49.863,66.65872,2.502,69.16072
138,9.509,27.2759,35.5608,0,0,0,-7.4384,9.4083,13.3128,-26.35497,0,53.5698,-49.9465,61.27343,3.6233,64.89673
139,13.894,30.9221,34.6608,0,0,0,-7.411,9.4804,17.0139,-26.74591,0,52.3461,-49.6874,71.81429,2.6587,74.47299
140,11.976,26.2203,37.2751,0,0,0,-9.1995,9.0966,17.0612,-26.456595,0,52.2374,-48.8697,65.973105,3.3677,69.340805
141,9.1727,18.8745,34.9505,0,0,0,-10.8994,9.3007,14.9322,-26.355605,0,49.4166,-46.2135,49.975595,3.2031,53.178695
142,14.6601,24.0516,34.6424,0,0,0,-9.3442,8.9835,16.721,-26.395885,0,49.4355,-46.9099,63.318515,2.5256,65.844115
143,12.6609,23.087,28.0468,0,0,0,-6.7571,9.3131,16.8219,-26.78313,0,48.9441,-46.2552,56.38947,2.6889,59.07837
144,13.2961,21.4773,33.8683,0,0,0,-9.4145,9.1573,16.8892,-26.407985,0,49.2984,-46.5446,58.865715,2.7538,61.619515
145,9.9055,27.7742,31.5946,0,0,0,-6.7581,9.0104,16.6827,-26.342525,0,49.2276,-46.9718,61.866775,2.2558,64.122575
146,7.4666,27.0287,30.2106,0,0,0,-5.6774,9.3476,18.1326,-26.68454,0,51.8594,-49.0638,59.82416,2.7956,62.61976
147,13.507,26.324,33.4515,0,0,0,-7.491,9.1016,15.7924,-26.610085,0,50.8671,-47.975,64.075415,2.8921,66.967515
148,18.7714,23.0535,31.956,0,0,0,-8.7884,9.2128,12.8067,-26.67221,0,51.5853,-47.9142,60.33979,3.6711,64.01089
149,12.7512,28.4935,32.5146,0,0,0,-10.276,9.1796,15.6605,-26.649665,0,49.7851,-46.95,61.673735,2.8351,64.508835
150,14.0387,33.4453,33.9222,0,0,0,-10.9505,8.9049,12.987,-26.410525,0,50.1206,-46.7566,65.937075,3.364,69.301075
151,12.65,28.0627,31.7389,0,0,0,-7.2325,9.4512,13.98,-26.925495,0,50.2812,-47.2123,61.724805,3.0689,64.793705
152,11.8991,26.7287,30.9613,0,0,0,-8.7785,9.1093,15.3679,-26.49784,0,49.7804,-47.4911,58.78996,2.2893,61.07926
153,13.5531,28.2744,32.6976,0,0,0,-9.2013,9.2427,16.455,-26.575905,0,50.3143,-47.7919,64.445595,2.5224,66.967995
154,12.0872,25.0057,30.2672,0,0,0,-8.7579,9.5464,16.1528,-27.026705,0,51.316,-48.5846,57.274695,2.7314,60.006095
155,16.9722,25.6216,32.3489,0,0,0,-7.6922,9.4154,16.4269,-26.696655,0,51.9681,-48.6705,66.396145,3.2976,69.693745
156,11.0666,27.7105,35.3057,0,0,0,-7.5021,9.2111,14.6191,-26.768505,0,51.7082,-48.8416,63.642395,2.8666,66.508995
157,14.175,26.9627,33.6772,0,0,0,-9.4227,8.8692,14.7622,-26.36234,0,51.0089,-47.5095,62.66126,3.4994,66.16066
158,7.3966,26.7686,39.8528,0,0,0,-10.6028,9.169,14.8515,-26.49143,0,50.1773,-46.3831,60.94427,3.7942,64.73847
159,14.7151,28.2858,26.8728,0,0,0,-6.2706,9.1461,15.1103,-26.70406,0,49.7568,-46.8476,61.15544,2.9092,64.06464
160,14.3157,32.8742,29.4195,0,0,0,-8.551,9.6148,18.592,-27.01817,0,49.8466,-47.0851,69.24703,2.7615,72.00853
161,11.7915,21.9155,34.4118,0,0,0,-11.5486,9.2718,16.6824,-26.702195,0,49.2087,-46.0984,55.822205,3.1103,58.932505
162,14.9244,29.4352,28.7935,0,0,0,-6.1089,9.1589,17.3204,-26.761455,0,49.9316,-47.3972,66.762045,2.5344,69.296445
163,15.7862,26.0398,30.6765,0,0,0,-4.7662,9.3977,15.4377,-26.79935,0,51.7035,-49.1379,65.77235,2.5656,68.33795
164,13.0888,21.0596,32.8048,0,0,0,-8.182,9.1504,14.6167,-26.30569,0,51.8263,-48.1946,56.23261,3.6317,59.86431
165,15.7304,27.409,36.4798,0,0,0,-7.7469,9.1206,13.9831,-26.5462,0,49.1236,-45.6176,68.4298,3.506,71.9358
166,13.2904,23.3007,30.5015,0,0,0,-8.6408,9.2138,16.0217,-26.59039,0,49.6528,-46.954,57.09691,2.6988,59.79571
167,9.7058,22.7473,32.4103,0,0,0,-6.8298,9.3251,15.2317,-26.64086,0,51.3916,-48.3944,55.94954,2.9972,58.94674
168,11.8695,26.9926,25.1953,0,0,0,-3.237,9.0659,19.8223,-26.631965,0,51.746,-49.6358,63.076635,2.1102,65.186835
169,9.9361,35.067,32.3848,0,0,0,-7.6885,9.0134,16.4638,-26.366095,0,49.667,-46.6508,68.810505,3.0162,71.826705
170,12.5664,25.0812,30.8709,0,0,0,-6.86,9.1337,15.0942,-26.644785,0,49.3032,-46.9014,59.241615,2.4018,61.643415
171,15.2102,21.2756,32.0304,0,0,0,-4.1027,8.9951,16.0811,-26.457115,0,51.9964,-49.2915,63.032585,2.7049,65.737485
172,10.4896,19.8474,31.6143,0,0,0,-9.6978,9.073,13.693,-26.407255,0,51.6846,-48.0316,48.612245,3.653,52.265245
173,16.2643,20.0875,35.1609,0,0,0,-7.1929,9.1352,15.2791,-26.58429,0,51.8263,-48.9271,62.14981,2.8992,65.04901
174,17.5604,24.3089,33.6901,0,0,0,-8.5389,9.0469,12.9168,-26.27933,0,52.5067,-48.9721,62.70487,3.5346,66.23947
175,14.235,22.9813,34.8305,0,0,0,-10.4362,9.008,15.3972,-26.686545,0,50.2812,-47.4865,59.329255,2.7947,62.123955
176,10.6396,19.6377,29.931,0,0,0,-3.7774,9.1048,15.8666,-26.49224,0,51.5948,-48.8361,54.91006,2.7587,57.66876
177,8.9526,24.5504,35.4557,0,0,0,-10.5631,8.9373,13.1901,-26.103635,0,50.2482,-46.8428,54.419365,3.4054,57.824765
178,15.9237,25.1402,32.4097,0,0,0,-9.8246,9.1834,14.7347,-26.54009,0,50.1159,-47.1579,61.02701,2.958,63.98501
179,14.0886,33.3086,29.5381,0,0,0,-5.8006,8.9989,16.77,-26.544945,0,51.8499,-49.035,70.358655,2.8149,73.173555
180,14.7736,26.3395,37.1647,0,0,0,-7.2074,9.6447,14.087,-26.875835,0,52.365,-49.1553,67.926265,3.2097,71.135965
181,13,20.0865,26.6707,0,0,0,-8.852,9.3912,16.535,-26.798115,0,50.9427,-48.0288,50.033285,2.9139,52.947185
182,10.0272,22.994,30.2972,0,0,0,-8.1375,9.5199,15.7441,-26.8709,0,50.4372,-47.3021,53.574,3.1351,56.7091
183,14.8417,17.3908,33.2862,0,0,0,-8.0121,9.1793,17.5599,-26.662605,0,50.3521,-47.8949,57.583195,2.4572,60.040395
184,10.7068,31.2019,29.0812,0,0,0,-10.2887,9.1986,18.0676,-26.646305,0,49.2701,-46.3833,61.321095,2.8868,64.207895
185,15.3646,31.9188,34.7365,0,0,0,-5.7646,9.2114,17.3706,-26.588115,0,48.7078,-45.6707,76.249185,3.0371,79.286285
186,13.9762,27.4095,33.334,0,0,0,-3.4254,9.1447,15.6315,-26.65934,0,51.0656,-48.2038,69.41116,2.8618,72.27296
187,10.4496,20.9167,31.7978,0,0,0,-8.5629,9.0182,15.0894,-26.240205,0,50.2387,-46.7878,52.468595,3.4509,55.919495
188,13.0285,25.4884,28.7473,0,0,0,-7.5891,8.888,14.5812,-26.113335,0,51.3633,-47.9085,57.030965,3.4548,60.485765
189,18.8798,29.1975,37.0313,0,0,0,-11.7908,9.1127,16.0206,-26.818775,0,50.0497,-46.7162,71.632325,3.3335,74.965825
190,16.8999,34.3227,24.9507,0,0,0,-6.8709,9.374,15.8246,-26.87905,0,51.4294,-48.5481,67.62195,2.8813,70.50325
191,16.2624,26.7856,28.1519,0,0,0,-2.3465,9.2805,14.914,-26.617635,0,51.0561,-47.7882,66.430265,3.2679,69.698165
192,11.0393,28.039,30.4564,0,0,0,-9.2005,9.2211,14.753,-26.71666,0,51.2782,-47.9325,57.59164,3.3457,60.93734
193,16.5854,24.0273,28.0791,0,0,0,-7.7616,9.1307,16.294,-26.4774,0,50.8199,-48.1726,59.8775,2.6473,62.5248
194,14.9954,20.5648,36.8473,0,0,0,-10.4413,9.0838,13.8586,-26.492465,0,51.1837,-47.3666,58.416135,3.8171,62.233235
195,13.4104,26.1432,36.9722,0,0,0,-7.879,9.4373,18.8038,-26.87283,0,49.7473,-46.9462,70.01507,2.8011,72.81617
196,11.897,33.146,34.7796,0,0,0,-6.1195,9.1086,15.6975,-26.54203,0,52.7997,-50.2746,71.96717,2.5251,74.49227
197,10.8512,29.164,32.7321,0,0,0,-6.6977,9.2339,16.2363,-26.620025,0,52.5681,-50.0868,64.899775,2.4813,67.381075
198,13.6887,26.2906,32.6617,0,0,0,-4.7194,9.5967,17.7447,-27.07587,0,52.45,-49.7693,68.18713,2.6807,70.86783
199,14.5518,22.5176,33.4327,0,0,0,-8.0376,9.2105,16.0084,-26.50684,0,52.4831,-49.4015,61.17656,3.0816,64.25816