POISSON BOLTZMANN:,,,,,,,,
Complex Energy Terms,,,,,,,,
Frame #,VDWAALS,EEL,EPB,ENPOLAR,EDISPER,G gas,G solv,TOTAL
0,-3310.1732,-1518.7384,0,3281.8316,-1838.0292,-4828.9116,1443.8024,-3385.1092
1,-3337.969,-1519.3442,0,3280.4094,-1839.3952,-4857.3132,1441.0142,-3416.299
2,-3298.1901,-1518.5435,0,3274.2574,-1829.2616,-4816.7336,1444.9958,-3371.7378
3,-3350.2995,-1522.0995,0,3248.2463,-1799.4048,-4872.399,1448.8415,-3423.5575
4,-3329.7877,-1523.6799,0,3282.7719,-1832.322,-4853.4676,1450.4499,-3403.0177
5,-3354.5216,-1522.4953,0,3268.6914,-1825.7964,-4877.0169,1442.895,-3434.1219
6,-3330.2735,-1523.3618,0,3268.6205,-1816.0441,-4853.6353,1452.5764,-3401.0589
7,-3370.2622,-1523.0027,0,3253.3446,-1802.5294,-4893.2649,1450.8152,-3442.4497
8,-3324.1405,-1517.7289,0,3268.2378,-1827.338,-4841.8694,1440.8998,-3400.9696
9,-3337.878,-1523.0621,0,3260.7439,-1822.5725,-4860.9401,1438.1714,-3422.7687
10,-3340.5292,-1522.1095,0,3263.2104,-1818.4854,-4862.6387,1444.725,-3417.9137
11,-3345.0691,-1520.6545,0,3273.1329,-1835.6574,-4865.7236,1437.4755,-3428.2481
12,-3321.9081,-1523.954,0,3257.9231,-1831.9021,-4845.8621,1426.021,-3419.8411
13,-3322.8836,-1524.0131,0,3257.8192,-1824.5076,-4846.8967,1433.3116,-3413.5851
14,-3386.3368,-1520.5348,0,3258.3862,-1810.2932,-4906.8716,1448.093,-3458.7786
15,-3381.5251,-1521.6244,0,3255.5039,-1818.3507,-4903.1495,1437.1532,-3465.9963
16,-3337.9229,-1528.1049,0,3256.8883,-1822.8689,-4866.0278,1434.0194,-3432.0084
17,-3303.6899,-1521.8778,0,3274.9473,-1830.2695,-4825.5677,1444.6778,-3380.8899
18,-3343.7617,-1524.3336,0,3271.498,-1831.2257,-4868.0953,1440.2723,-3427.823
19,-3342.7734,-1522.3249,0,3260.8432,-1829.8133,-4865.0983,1431.0299,-3434.0684
20,-3317.5238,-1519.3876,0,3271.2145,-1834.6729,-4836.9114,1436.5416,-3400.3698
21,-3349.2692,-1523.3143,0,3254.9605,-1827.5307,-4872.5835,1427.4298,-3445.1537
22,-3316.4691,-1520.864,0,3269.6742,-1830.0393,-4837.3331,1439.6349,-3397.6982
23,-3330.6584,-1520.5911,0,3272.684,-1828.5261,-4851.2495,1444.1579,-3407.0916
24,-3333.5667,-1522.4986,0,3267.3637,-1835.6249,-4856.0653,1431.7388,-3424.3265
25,-3287.5714,-1524.0257,0,3281.2173,-1844.5989,-4811.5971,1436.6184,-3374.9787
26,-3343.2038,-1521.044,0,3261.2637,-1824.4517,-4864.2478,1436.812,-3427.4358
27,-3346.8822,-1520.4312,0,3266.5699,-1828.4742,-4867.3134,1438.0957,-3429.2177
28,-3307.6104,-1520.4142,0,3265.4075,-1821.2738,-4828.0246,1444.1337,-3383.8909
29,-3355.7947,-1521.2196,0,3269.2726,-1815.8984,-4877.0143,1453.3742,-3423.6401
30,-3353.8233,-1524.2788,0,3258.8965,-1814.5471,-4878.1021,1444.3494,-3433.7527
31,-3344.3994,-1526.511,0,3251.3081,-1810.0648,-4870.9104,1441.2433,-3429.6671
32,-3350.3891,-1521.3602,0,3257.9562,-1807.8131,-4871.7493,1450.1431,-3421.6062
33,-3364.0966,-1521.8285,0,3259.7375,-1817.6243,-4885.9251,1442.1132,-3443.8119
34,-3326.1762,-1524.0074,0,3258.0885,-1811.0363,-4850.1836,1447.0522,-3403.1314
35,-3324.8371,-1525.7269,0,3239.7602,-1790.9313,-4850.564,1448.8289,-3401.7351
36,-3393.6555,-1526.3687,0,3247.1029,-1806.9005,-4920.0242,1440.2024,-3479.8218
37,-3363.3566,-1525.8579,0,3238.286,-1798.8482,-4889.2145,1439.4378,-3449.7767
38,-3325.3492,-1527.4061,0,3251.3601,-1816.0623,-4852.7553,1435.2978,-3417.4575
39,-3306.594,-1528.0031,0,3268.9654,-1833.8946,-4834.5971,1435.0708,-3399.5263
40,-3360.0212,-1522.3503,0,3247.0273,-1799.2143,-4882.3715,1447.813,-3434.5585
41,-3325.8183,-1523.7513,0,3250.4009,-1804.4779,-4849.5696,1445.923,-3403.6466
42,-3346.7,-1525.0779,0,3254.7999,-1830.6424,-4871.7779,1424.1575,-3447.6204
43,-3359.2688,-1522.3906,0,3249.3661,-1812.4275,-4881.6594,1436.9386,-3444.7208
44,-3338.2613,-1525.5156,0,3264.0373,-1828.7924,-4863.7769,1435.2449,-3428.532
45,-3316.519,-1523.7445,0,3251.1427,-1821.0102,-4840.2635,1430.1325,-3410.131
46,-3334.0965,-1525.8709,0,3243.6772,-1816.3428,-4859.9674,1427.3344,-3432.633
47,-3380.2018,-1522.4757,0,3245.9689,-1816.7931,-4902.6775,1429.1758,-3473.5017
48,-3339.4823,-1517.5725,0,3256.7985,-1819.1876,-4857.0548,1437.6109,-3419.4439
49,-3373.6671,-1519.3606,0,3250.2308,-1810.8319,-4893.0277,1439.3989,-3453.6288
50,-3360.946,-1522.616,0,3243.2425,-1817.1294,-4883.562,1426.1131,-3457.4489
51,-3334.2974,-1521.5277,0,3252.9666,-1818.4131,-4855.8251,1434.5535,-3421.2716
52,-3327.2237,-1523.6865,0,3254.2943,-1815.358,-4850.9102,1438.9363,-3411.9739
53,-3300.727,-1526.3486,0,3262.8607,-1826.1658,-4827.0756,1436.6949,-3390.3807
54,-3340.0545,-1527.6551,0,3257.4412,-1820.9825,-4867.7096,1436.4587,-3431.2509
55,-3348.6963,-1525.2892,0,3254.3794,-1802.4563,-4873.9855,1451.9231,-3422.0624
56,-3345.0911,-1519.0581,0,3255.9433,-1813.927,-4864.1492,1442.0163,-3422.1329
57,-3361.864,-1513.871,0,3276.9412,-1830.5394,-4875.735,1446.4018,-3429.3332
58,-3342.3794,-1521.9483,0,3250.7269,-1817.0072,-4864.3277,1433.7197,-3430.608
59,-3355.4705,-1519.9783,0,3248.0289,-1800.4367,-4875.4488,1447.5922,-3427.8566
60,-3371.4014,-1521.03,0,3251.1238,-1806.7399,-4892.4314,1444.3839,-3448.0475
61,-3366.2634,-1516.4808,0,3263.9002,-1821.5267,-4882.7442,1442.3735,-3440.3707
62,-3338.1654,-1522.776,0,3250.8214,-1807.178,-4860.9414,1443.6434,-3417.298
63,-3339.2344,-1524.3395,0,3247.6888,-1808.8401,-4863.5739,1438.8487,-3424.7252
64,-3331.0594,-1524.17,0,3261.1692,-1825.3046,-4855.2294,1435.8646,-3419.3648
65,-3329.5856,-1522.638,0,3251.5869,-1815.0429,-4852.2236,1436.544,-3415.6796
66,-3308.6314,-1526.6406,0,3261.6559,-1827.6215,-4835.272,1434.0344,-3401.2376
67,-3311.6186,-1527.0798,0,3260.5833,-1826.974,-4838.6984,1433.6093,-3405.0891
68,-3395.4571,-1521.5378,0,3249.6496,-1799.2282,-4916.9949,1450.4214,-3466.5735
69,-3330.7744,-1524.8369,0,3265.7335,-1819.2592,-4855.6113,1446.4743,-3409.137
70,-3356.6648,-1520.9921,0,3259.0855,-1814.716,-4877.6569,1444.3695,-3433.2874
71,-3364.9796,-1521.2577,0,3262.341,-1812.8498,-4886.2373,1449.4912,-3436.7461
72,-3386.6831,-1523.5161,0,3236.7882,-1787.7701,-4910.1992,1449.0181,-3461.1811
73,-3390.199,-1521.6009,0,3247.2399,-1792.1042,-4911.7999,1455.1357,-3456.6642
74,-3397.9833,-1521.1281,0,3241.0218,-1780.9634,-4919.1114,1460.0584,-3459.053
75,-3336.7795,-1523.8493,0,3247.9061,-1798.408,-4860.6288,1449.4981,-3411.1307
76,-3388.9397,-1521.4035,0,3247.8069,-1791.9559,-4910.3432,1455.851,-3454.4922
77,-3387.7701,-1521.4928,0,3249.2811,-1791.8387,-4909.2629,1457.4424,-3451.8205
78,-3397.452,-1527.7518,0,3240.4548,-1791.2954,-4925.2038,1449.1594,-3476.0444
79,-3364.9526,-1526.7797,0,3241.1635,-1793.6956,-4891.7323,1447.4679,-3444.2644
80,-3390.2341,-1526.4945,0,3233.6697,-1779.6834,-4916.7286,1453.9863,-3462.7423
81,-3333.494,-1526.965,0,3237.0481,-1790.1664,-4860.459,1446.8817,-3413.5773
82,-3374.1212,-1521.9845,0,3244.0694,-1797.8848,-4896.1057,1446.1846,-3449.9211
83,-3378.444,-1526.1131,0,3234.7564,-1797.6124,-4904.5571,1437.144,-3467.4131
84,-3345.0601,-1530.9485,0,3247.8778,-1799.2789,-4876.0086,1448.5989,-3427.4097
85,-3355.7785,-1526.2353,0,3230.1921,-1775.9324,-4882.0138,1454.2597,-3427.7541
86,-3376.5746,-1524.4469,0,3247.1265,-1791.5578,-4901.0215,1455.5687,-3445.4528
87,-3347.4196,-1525.3057,0,3242.5291,-1794.7715,-4872.7253,1447.7576,-3424.9677
88,-3303.4138,-1530.7042,0,3248.2132,-1802.8667,-4834.118,1445.3465,-3388.7715
89,-3377.8682,-1530.4008,0,3239.7602,-1787.6293,-4908.269,1452.1309,-3456.1381
90,-3368.3575,-1522.0938,0,3257.8853,-1800.7892,-4890.4513,1457.0961,-3433.3552
91,-3326.4996,-1524.3472,0,3254.162,-1807.9053,-4850.8468,1446.2567,-3404.5901
92,-3358.8471,-1519.5227,0,3254.8755,-1817.2508,-4878.3698,1437.6247,-3440.7451
93,-3353.5841,-1521.3168,0,3246.0067,-1806.8534,-4874.9009,1439.1533,-3435.7476
94,-3343.9284,-1524.6356,0,3258.3342,-1821.3859,-4868.564,1436.9483,-3431.6157
95,-3355.1231,-1515.8593,0,3267.0707,-1806.1495,-4870.9824,1460.9212,-3410.0612
96,-3324.4948,-1519.9617,0,3273.3077,-1829.9905,-4844.4565,1443.3172,-3401.1393
97,-3351.6748,-1526.7408,0,3268.0771,-1830.4244,-4878.4156,1437.6527,-3440.7629
98,-3334.9007,-1522.5926,0,3262.3174,-1819.5549,-4857.4933,1442.7625,-3414.7308
99,-3357.2152,-1522.1895,0,3266.2816,-1833.7634,-4879.4047,1432.5182,-3446.8865
100,-3380.6188,-1516.5921,0,3254.729,-1802.4934,-4897.2109,1452.2356,-3444.9753
101,-3361.9062,-1523.1485,0,3254.9322,-1810.8491,-4885.0547,1444.0831,-3440.9716
102,-3351.8213,-1520.1978,0,3270.1987,-1814.7238,-4872.0191,1455.4749,-3416.5442
103,-3335.9821,-1519.759,0,3269.1591,-1824.4809,-4855.7411,1444.6782,-3411.0629
104,-3302.8758,-1521.3845,0,3253.7509,-1812.0019,-4824.2603,1441.749,-3382.5113
105,-3340.9036,-1523.0883,0,3273.0762,-1829.9652,-4863.9919,1443.111,-3420.8809
106,-3342.0897,-1518.7878,0,3255.3999,-1811.1334,-4860.8775,1444.2665,-3416.611
107,-3303.5127,-1526.1808,0,3264.2593,-1829.5707,-4829.6935,1434.6886,-3395.0049
108,-3338.9022,-1522.0624,0,3243.715,-1805.6549,-4860.9646,1438.0601,-3422.9045
109,-3343.5075,-1518.7955,0,3248.5818,-1813.602,-4862.303,1434.9798,-3427.3232
110,-3376.2854,-1519.8084,0,3248.9409,-1818.0115,-4896.0938,1430.9294,-3465.1644
111,-3336.664,-1524.4183,0,3245.6381,-1818.4255,-4861.0823,1427.2126,-3433.8697
112,-3310.7873,-1524.5175,0,3264.8122,-1834.7857,-4835.3048,1430.0265,-3405.2783
113,-3337.503,-1526.1166,0,3257.2616,-1820.4036,-4863.6196,1436.858,-3426.7616
114,-3320.7335,-1522.2105,0,3254.7007,-1822.1722,-4842.944,1432.5285,-3410.4155
115,-3315.6025,-1523.097,0,3260.8621,-1825.0095,-4838.6995,1435.8526,-3402.8469
116,-3320.1516,-1520.1255,0,3269.8963,-1828.6065,-4840.2771,1441.2898,-3398.9873
117,-3365.6536,-1522.026,0,3245.1042,-1815.9167,-4887.6796,1429.1875,-3458.4921
118,-3355.8882,-1525.6739,0,3252.6784,-1819.0661,-4881.5621,1433.6123,-3447.9498
119,-3346.2593,-1525.7599,0,3249.2197,-1806.9535,-4872.0192,1442.2662,-3429.753
120,-3343.3618,-1517.8288,0,3268.389,-1823.8325,-4861.1906,1444.5565,-3416.6341
121,-3340.9841,-1519.4521,0,3266.7258,-1814.2024,-4860.4362,1452.5234,-3407.9128
122,-3339.3071,-1522.2212,0,3257.0631,-1815.4787,-4861.5283,1441.5844,-3419.9439
123,-3352.8293,-1518.7335,0,3265.4028,-1819.1358,-4871.5628,1446.267,-3425.2958
124,-3345.7885,-1522.512,0,3256.1276,-1811.3875,-4868.3005,1444.7401,-3423.5604
125,-3314.2335,-1525.7784,0,3260.6967,-1818.5745,-4840.0119,1442.1222,-3397.8897
126,-3336.7487,-1529.3317,0,3260.21,-1832.4506,-4866.0804,1427.7594,-3438.321
127,-3344.2639,-1521.9267,0,3265.0012,-1821.2663,-4866.1906,1443.7349,-3422.4557
128,-3338.2542,-1524.7858,0,3262.374,-1826.0066,-4863.04,1436.3674,-3426.6726
129,-3353.6231,-1517.4962,0,3256.0189,-1824.3816,-4871.1193,1431.6373,-3439.482
130,-3341.0464,-1518.9432,0,3262.9647,-1823.6611,-4859.9896,1439.3036,-3420.686
131,-3342.3333,-1521.2907,0,3269.4521,-1828.9651,-4863.624,1440.487,-3423.137
132,-3326.2286,-1515.8837,0,3265.606,-1831.5925,-4842.1123,1434.0135,-3408.0988
133,-3301.873,-1516.0444,0,3272.7879,-1837.4562,-4817.9174,1435.3317,-3382.5857
134,-3294.1542,-1521.5869,0,3268.8378,-1832.4145,-4815.7411,1436.4233,-3379.3178
135,-3320.7353,-1518.3722,0,3259.7375,-1824.8429,-4839.1075,1434.8946,-3404.2129
136,-3338.3221,-1520.7289,0,3262.8749,-1820.5445,-4859.051,1442.3304,-3416.7206
137,-3300.0359,-1519.1549,0,3269.8774,-1825.3888,-4819.1908,1444.4886,-3374.7022
138,-3393.2238,-1520.7225,0,3248.0715,-1813.0833,-4913.9463,1434.9882,-3478.9581
139,-3284.7224,-1520.7209,0,3268.5638,-1833.1877,-4805.4433,1435.3761,-3370.0672
140,-3360.2082,-1517.8081,0,3263.7868,-1823.6915,-4878.0163,1440.0953,-3437.921
141,-3401.1094,-1518.7498,0,3254.3888,-1812.1385,-4919.8592,1442.2503,-3477.6089
142,-3383.6654,-1519.1594,0,3268.1575,-1830.5906,-4902.8248,1437.5669,-3465.2579
143,-3360.6531,-1522.1191,0,3256.2646,-1818.4553,-4882.7722,1437.8093,-3444.9629
144,-3305.9847,-1521.3412,0,3264.3538,-1826.0134,-4827.3259,1438.3404,-3388.9855
145,-3354.9389,-1524.9843,0,3265.1571,-1827.7274,-4879.9232,1437.4297,-3442.4935
146,-3306.3653,-1523.9574,0,3275.3678,-1840.5458,-4830.3227,1434.822,-3395.5007
147,-3318.979,-1518.4055,0,3279.7904,-1832.4635,-4837.3845,1447.3269,-3390.0576
148,-3333.5852,-1519.195,0,3256.6379,-1822.7769,-4852.7802,1433.861,-3418.9192
149,-3306.5524,-1519.0648,0,3265.1949,-1830.1155,-4825.6172,1435.0794,-3390.5378
150,-3308.4408,-1522.081,0,3283.7499,-1842.3685,-4830.5218,1441.3814,-3389.1404
151,-3337.456,-1518.1189,0,3277.4846,-1834.9849,-4855.5749,1442.4997,-3413.0752
152,-3319.062,-1520.3637,0,3261.3676,-1827.2749,-4839.4257,1434.0927,-3405.333
153,-3363.4734,-1515.3009,0,3280.4425,-1834.1802,-4878.7743,1446.2623,-3432.512
154,-3344.0508,-1526.5465,0,3260.1864,-1821.7923,-4870.5973,1438.3941,-3432.2032
155,-3357.3573,-1521.8848,0,3254.1951,-1812.1347,-4879.2421,1442.0604,-3437.1817
156,-3389.4396,-1520.9229,0,3256.8742,-1804.0391,-4910.3625,1452.8351,-3457.5274
157,-3318.0343,-1519.9682,0,3256.2788,-1823.2389,-4838.0025,1433.0399,-3404.9626
158,-3346.3483,-1523.573,0,3272.8872,-1837.1552,-4869.9213,1435.732,-3434.1893
159,-3354.1036,-1517.0594,0,3266.3856,-1824.6607,-4871.163,1441.7249,-3429.4381
160,-3327.9576,-1517.5707,0,3258.1027,-1817.0554,-4845.5283,1441.0473,-3404.481
161,-3326.7375,-1520.529,0,3277.0972,-1830.1718,-4847.2665,1446.9254,-3400.3411
162,-3359.9324,-1520.2659,0,3257.7814,-1825.6978,-4880.1983,1432.0836,-3448.1147
163,-3349.3364,-1519.5289,0,3258.7122,-1817.1442,-4868.8653,1441.568,-3427.2973
164,-3354.1753,-1520.6379,0,3251.6625,-1819.115,-4874.8132,1432.5475,-3442.2657
165,-3302.7269,-1519.5193,0,3268.7481,-1825.5353,-4822.2462,1443.2128,-3379.0334
166,-3362.2568,-1521.8684,0,3266.6833,-1829.4779,-4884.1252,1437.2054,-3446.9198
167,-3364.4528,-1522.9828,0,3261.67,-1827.0395,-4887.4356,1434.6305,-3452.8051
168,-3369.8283,-1522.8486,0,3264.746,-1825.8182,-4892.6769,1438.9278,-3453.7491
169,-3329.737,-1513.8075,0,3269.2348,-1825.6838,-4843.5445,1443.551,-3399.9935
170,-3308.8534,-1518.2183,0,3270.9736,-1823.4488,-4827.0717,1447.5248,-3379.5469
171,-3322.9291,-1517.0918,0,3260.6164,-1828.1312,-4840.0209,1432.4852,-3407.5357
172,-3346.5299,-1515.3497,0,3272.684,-1827.2939,-4861.8796,1445.3901,-3416.4895
173,-3352.7788,-1517.0066,0,3260.5975,-1824.9052,-4869.7854,1435.6923,-3434.0931
174,-3321.1319,-1525.2363,0,3254.0014,-1823.9496,-4846.3682,1430.0518,-3416.3164
175,-3357.9455,-1517.6564,0,3257.9278,-1823.0771,-4875.6019,1434.8507,-3440.7512
176,-3299.6117,-1521.7159,0,3260.8432,-1835.2119,-4821.3276,1425.6313,-3395.6963
177,-3341.5501,-1517.7712,0,3261.8827,-1834.5097,-4859.3213,1427.373,-3431.9483
178,-3307.5632,-1519.2879,0,3274.3378,-1850.8801,-4826.8511,1423.4577,-3403.3934
179,-3357.7579,-1516.8836,0,3267.8503,-1823.7761,-4874.6415,1444.0742,-3430.5673
180,-3318.9946,-1517.6289,0,3270.4916,-1831.8887,-4836.6235,1438.6029,-3398.0206
181,-3322.4816,-1516.9114,0,3273.0384,-1832.8657,-4839.393,1440.1727,-3399.2203
182,-3334.224,-1517.1077,0,3256.241,-1819.9848,-4851.3317,1436.2562,-3415.0755
183,-3326.7305,-1519.1196,0,3266.6644,-1833.2017,-4845.8501,1433.4627,-3412.3874
184,-3316.5258,-1517.8219,0,3265.9084,-1828.401,-4834.3477,1437.5074,-3396.8403
185,-3363.5492,-1522.8226,0,3239.1932,-1800.1477,-4886.3718,1439.0455,-3447.3263
186,-3326.0826,-1518.8796,0,3245.6239,-1813.098,-4844.9622,1432.5259,-3412.4363
187,-3346.5582,-1518.6326,0,3261.3109,-1812.9325,-4865.1908,1448.3784,-3416.8124
188,-3329.6115,-1520.6667,0,3256.2363,-1817.8941,-4850.2782,1438.3422,-3411.936
189,-3309.16,-1521.237,0,3259.9501,-1818.5272,-4830.397,1441.4229,-3388.9741
190,-3372.7351,-1524.3267,0,3246.172,-1809.1128,-4897.0618,1437.0592,-3460.0026
191,-3364.8369,-1521.9216,0,3249.919,-1804.7947,-4886.7585,1445.1243,-3441.6342
192,-3302.5916,-1525.2927,0,3247.5186,-1810.9847,-4827.8843,1436.5339,-3391.3504
193,-3345.7529,-1517.954,0,3250.3867,-1813.132,-4863.7069,1437.2547,-3426.4522
194,-3351.5942,-1517.2105,0,3256.6663,-1808.8092,-4868.8047,1447.8571,-3420.9476
195,-3353.0097,-1522.3605,0,3265.4878,-1823.8086,-4875.3702,1441.6792,-3433.691
196,-3342.7337,-1518.9963,0,3256.0237,-1798.8623,-4861.73,1457.1614,-3404.5686
197,-3353.4076,-1519.8971,0,3253.6517,-1807.3646,-4873.3047,1446.2871,-3427.0176
198,-3311.3996,-1523.9732,0,3257.2191,-1821.725,-4835.3728,1435.4941,-3399.8787
199,-3332.9377,-1518.6075,0,3275.3536,-1837.0186,-4851.5452,1438.335,-3413.2102
,,,,,,,,
Receptor Energy Terms,,,,,,,,
Frame #,VDWAALS,EEL,EPB,ENPOLAR,EDISPER,G gas,G solv,TOTAL
0,-3238.198,-1541.4914,0,3276.9838,-1861.1393,-4779.6894,1415.8445,-3363.8449
1,-3274.08,-1539.7995,0,3274.8197,-1863.4919,-4813.8795,1411.3278,-3402.5517
2,-3224.3667,-1540.6688,0,3269.9435,-1852.13,-4765.0355,1417.8135,-3347.222
3,-3280.44,-1543.6671,0,3243.4552,-1822.9937,-4824.1071,1420.4615,-3403.6456
4,-3268.6646,-1546.1878,0,3276.6719,-1858.101,-4814.8524,1418.5709,-3396.2815
5,-3286.9538,-1545.8425,0,3263.8861,-1849.8442,-4832.7963,1414.0419,-3418.7544
6,-3262.4452,-1543.9347,0,3264.4389,-1840.2291,-4806.3799,1424.2098,-3382.1701
7,-3296.6922,-1544.3715,0,3248.8086,-1827.1308,-4841.0637,1421.6778,-3419.3859
8,-3253.5374,-1539.3897,0,3263.3852,-1851,-4792.9271,1412.3852,-3380.5419
9,-3268.6057,-1545.213,0,3257.2238,-1845.8945,-4813.8187,1411.3293,-3402.4894
10,-3268.6791,-1543.6341,0,3258.4381,-1842.9352,-4812.3132,1415.5029,-3396.8103
11,-3273.4622,-1542.5248,0,3268.9324,-1859.0468,-4815.987,1409.8856,-3406.1014
12,-3255.3795,-1545.8746,0,3253.9021,-1855.3321,-4801.2541,1398.57,-3402.6841
13,-3250.7611,-1546.7716,0,3253.2123,-1850.0701,-4797.5327,1403.1422,-3394.3905
14,-3313.616,-1541.7518,0,3253.9446,-1834.4886,-4855.3678,1419.456,-3435.9118
15,-3312.289,-1542.8474,0,3251.8468,-1841.5992,-4855.1364,1410.2476,-3444.8888
16,-3265.3827,-1550.0013,0,3252.7351,-1846.6236,-4815.384,1406.1115,-3409.2725
17,-3238.9159,-1541.9312,0,3269.9388,-1854.6265,-4780.8471,1415.3123,-3365.5348
18,-3284.1078,-1546.0771,0,3266.8959,-1855.853,-4830.1849,1411.0429,-3419.142
19,-3275.4706,-1543.6716,0,3256.2788,-1852.5615,-4819.1422,1403.7173,-3415.4249
20,-3248.2324,-1540.1887,0,3266.7305,-1858.1165,-4788.4211,1408.614,-3379.8071
21,-3282.0546,-1544.0621,0,3250.3773,-1851.2077,-4826.1167,1399.1696,-3426.9471
22,-3257.5635,-1541.4995,0,3265.5634,-1852.6368,-4799.063,1412.9266,-3386.1364
23,-3265.5719,-1541.7243,0,3268.3843,-1851.2543,-4807.2962,1417.13,-3390.1662
24,-3262.4233,-1543.9492,0,3262.9505,-1860.0333,-4806.3725,1402.9172,-3403.4553
25,-3221.8053,-1547.1588,0,3276.3034,-1867.9001,-4768.9641,1408.4033,-3360.5608
26,-3276.1334,-1542.0129,0,3257.4695,-1848.037,-4818.1463,1409.4325,-3408.7138
27,-3271.3754,-1543.485,0,3261.6795,-1854.2178,-4814.8604,1407.4617,-3407.3987
28,-3237.6327,-1542.6418,0,3260.7486,-1845.8379,-4780.2745,1414.9107,-3365.3638
29,-3277.7897,-1542.9978,0,3264.746,-1840.2517,-4820.7875,1424.4943,-3396.2932
30,-3287.7523,-1544.7955,0,3254.5022,-1838.9121,-4832.5478,1415.5901,-3416.9577
31,-3276.9502,-1546.7877,0,3247.5186,-1833.6291,-4823.7379,1413.8895,-3409.8484
32,-3276.2935,-1542.8393,0,3253.3257,-1832.0541,-4819.1328,1421.2716,-3397.8612
33,-3285.2539,-1544.0187,0,3255.3196,-1842.379,-4829.2726,1412.9406,-3416.332
34,-3252.9304,-1545.213,0,3253.9446,-1835.5792,-4798.1434,1418.3654,-3379.778
35,-3252.1798,-1547.6772,0,3235.4132,-1816.1959,-4799.857,1419.2173,-3380.6397
36,-3321.9185,-1547.9563,0,3243.0772,-1830.3305,-4869.8748,1412.7467,-3457.1281
37,-3284.1601,-1548.068,0,3233.9248,-1824.2614,-4832.2281,1409.6634,-3422.5647
38,-3252.2668,-1548.8855,0,3247.1407,-1840.1126,-4801.1523,1407.0281,-3394.1242
39,-3240.396,-1549.13,0,3264.8358,-1856.9395,-4789.526,1407.8963,-3381.6297
40,-3286.1283,-1543.0581,0,3242.5905,-1823.7073,-4829.1864,1418.8832,-3410.3032
41,-3254.4086,-1544.8647,0,3247.1596,-1826.2366,-4799.2733,1420.923,-3378.3503
42,-3271.42,-1547.9713,0,3250.8262,-1855.3022,-4819.3913,1395.524,-3423.8673
43,-3287.2997,-1544.0601,0,3245.4633,-1835.5415,-4831.3598,1409.9218,-3421.438
44,-3272.736,-1545.9288,0,3259.6666,-1853.5579,-4818.6648,1406.1087,-3412.5561
45,-3250.6401,-1544.2842,0,3247.0745,-1845.2769,-4794.9243,1401.7976,-3393.1267
46,-3264.0773,-1547.8341,0,3239.8453,-1839.9345,-4811.9114,1399.9108,-3412.0006
47,-3304.8148,-1543.2785,0,3241.7542,-1842.8183,-4848.0933,1398.9359,-3449.1574
48,-3264.1912,-1540.5894,0,3252.4657,-1843.7986,-4804.7806,1408.6671,-3396.1135
49,-3297.3257,-1541.5786,0,3246.7485,-1834.2349,-4838.9043,1412.5136,-3426.3907
50,-3292.8014,-1544.7607,0,3239.3444,-1841.7064,-4837.5621,1397.638,-3439.9241
51,-3259.3341,-1543.1889,0,3249.5551,-1842.0912,-4802.523,1407.4639,-3395.0591
52,-3259.7045,-1546.1895,0,3250.3017,-1840.0486,-4805.894,1410.2531,-3395.6409
53,-3227.3493,-1548.056,0,3259.2036,-1849.7779,-4775.4053,1409.4257,-3365.9796
54,-3271.0257,-1548.7318,0,3253.6564,-1844.9407,-4819.7575,1408.7157,-3411.0418
55,-3280.7725,-1546.7862,0,3250.4151,-1825.6906,-4827.5587,1424.7245,-3402.8342
56,-3273.3714,-1541.6498,0,3251.7853,-1837.618,-4815.0212,1414.1673,-3400.8539
57,-3287.4284,-1534.6907,0,3272.9203,-1853.6883,-4822.1191,1419.232,-3402.8871
58,-3266.4181,-1543.9488,0,3247.0934,-1840.9418,-4810.3669,1406.1516,-3404.2153
59,-3284.6129,-1540.5346,0,3244.5703,-1823.9159,-4825.1475,1420.6544,-3404.4931
60,-3301.4302,-1543.1035,0,3247.5092,-1830.2875,-4844.5337,1417.2217,-3427.312
61,-3295.238,-1538.5727,0,3260.6542,-1845.1829,-4833.8107,1415.4713,-3418.3394
62,-3272.4125,-1543.1911,0,3247.8541,-1830.5069,-4815.6036,1417.3472,-3398.2564
63,-3264.8454,-1545.8227,0,3243.1953,-1834.0709,-4810.6681,1409.1244,-3401.5437
64,-3267.1965,-1544.9759,0,3257.7672,-1849.9503,-4812.1724,1407.8169,-3404.3555
65,-3257.5438,-1544.219,0,3247.9486,-1839.0873,-4801.7628,1408.8613,-3392.9015
66,-3248.1397,-1546.7421,0,3257.5451,-1852.4417,-4794.8818,1405.1034,-3389.7784
67,-3241.4395,-1548.3802,0,3257.1199,-1849.3728,-4789.8197,1407.7471,-3382.0726
68,-3322.6568,-1541.8465,0,3245.8082,-1822.7901,-4864.5033,1423.0181,-3441.4852
69,-3260.7057,-1545.6627,0,3262.1567,-1842.0058,-4806.3684,1420.1509,-3386.2175
70,-3282.1814,-1542.0259,0,3254.5873,-1839.9269,-4824.2073,1414.6604,-3409.5469
71,-3293.6111,-1540.6505,0,3258.131,-1837.9303,-4834.2616,1420.2007,-3414.0609
72,-3311.2798,-1543.5519,0,3232.4743,-1811.9406,-4854.8317,1420.5337,-3434.298
73,-3320.4854,-1542.1066,0,3242.8078,-1816.0719,-4862.592,1426.7359,-3435.8561
74,-3331.7275,-1542.7396,0,3236.7693,-1805.0323,-4874.4671,1431.737,-3442.7301
75,-3274.2847,-1545.958,0,3243.63,-1822.9376,-4820.2427,1420.6924,-3399.5503
76,-3308.2013,-1544.6288,0,3244.5372,-1817.5553,-4852.8301,1426.9819,-3425.8482
77,-3315.0699,-1542.63,0,3246.1153,-1815.1061,-4857.6999,1431.0092,-3426.6907
78,-3323.533,-1549.4365,0,3236.7457,-1814.7946,-4872.9695,1421.9511,-3451.0184
79,-3291.333,-1548.3774,0,3237.4686,-1816.8024,-4839.7104,1420.6662,-3419.0442
80,-3322.8391,-1547.8349,0,3229.8897,-1803.7744,-4870.674,1426.1153,-3444.5587
81,-3263.1005,-1548.6261,0,3233.287,-1814.3034,-4811.7266,1418.9836,-3392.743
82,-3304.713,-1544.6778,0,3240.7761,-1820.6028,-4849.3908,1420.1733,-3429.2175
83,-3313.9819,-1548.4126,0,3231.2788,-1820.9727,-4862.3945,1410.3061,-3452.0884
84,-3272.2191,-1553.3966,0,3244.1261,-1822.7467,-4825.6157,1421.3794,-3404.2363
85,-3277.4587,-1549.1907,0,3226.1286,-1801.5897,-4826.6494,1424.5389,-3402.1105
86,-3308.1466,-1547.4732,0,3243.3985,-1814.1967,-4855.6198,1429.2018,-3426.418
87,-3276.5261,-1548.8146,0,3238.853,-1817.4668,-4825.3407,1421.3862,-3403.9545
88,-3240.5866,-1552.2162,0,3244.5183,-1827.2504,-4792.8028,1417.2679,-3375.5349
89,-3320.4694,-1552.8424,0,3235.4888,-1810.5914,-4873.3118,1424.8974,-3448.4144
90,-3302.7726,-1544.2553,0,3254.3132,-1824.0893,-4847.0279,1430.2239,-3416.804
91,-3262.0649,-1547.129,0,3250.5804,-1831.1286,-4809.1939,1419.4518,-3389.7421
92,-3288.2235,-1541.459,0,3250.3915,-1841.5825,-4829.6825,1408.809,-3420.8735
93,-3286.0772,-1543.804,0,3242.2078,-1829.7665,-4829.8812,1412.4413,-3417.4399
94,-3269.3248,-1546.3155,0,3254.5258,-1845.04,-4815.6403,1409.4858,-3406.1545
95,-3285.6963,-1537.2734,0,3262.4402,-1831.3177,-4822.9697,1431.1225,-3391.8472
96,-3256.6251,-1542.5498,0,3269.0788,-1853.6182,-4799.1749,1415.4606,-3383.7143
97,-3286.858,-1546.9569,0,3264.2735,-1852.6835,-4833.8149,1411.59,-3422.2249
98,-3268.7367,-1543.8456,0,3258.4995,-1842.3944,-4812.5823,1416.1051,-3396.4772
99,-3282.2609,-1545.0423,0,3263.0214,-1855.7372,-4827.3032,1407.2842,-3420.019
100,-3306.8598,-1540.1194,0,3251.0671,-1826.3604,-4846.9792,1424.7067,-3422.2725
101,-3287.7181,-1545.6663,0,3251.1285,-1834.8581,-4833.3844,1416.2704,-3417.114
102,-3281.992,-1542.337,0,3266.7778,-1836.8521,-4824.329,1429.9257,-3394.4033
103,-3272.7133,-1541.1606,0,3265.0862,-1848.9986,-4813.8739,1416.0876,-3397.7863
104,-3229.1913,-1544.225,0,3249.8528,-1835.4795,-4773.4163,1414.3733,-3359.043
105,-3272.8563,-1543.8859,0,3269.1308,-1853.7886,-4816.7422,1415.3422,-3401.4
106,-3267.2065,-1542.1192,0,3251.6483,-1835.4116,-4809.3257,1416.2367,-3393.089
107,-3232.6045,-1549.6402,0,3260.0446,-1853.8817,-4782.2447,1406.1629,-3376.0818
108,-3279.0787,-1542.3426,0,3239.6421,-1830.1978,-4821.4213,1409.4443,-3411.977
109,-3277.4289,-1540.3095,0,3244.0505,-1836.1569,-4817.7384,1407.8936,-3409.8448
110,-3307.7888,-1540.5982,0,3244.3671,-1841.5713,-4848.387,1402.7958,-3445.5912
111,-3272.9752,-1544.5442,0,3242.0188,-1842.3746,-4817.5194,1399.6442,-3417.8752
112,-3245.0331,-1545.3828,0,3260.0305,-1858.6714,-4790.4159,1401.3591,-3389.0568
113,-3269.6913,-1544.6487,0,3253.4202,-1843.5583,-4814.34,1409.8619,-3404.4781
114,-3251.3288,-1542.6114,0,3250.7931,-1845.3186,-4793.9402,1405.4745,-3388.4657
115,-3237.8063,-1544.8499,0,3256.0662,-1848.8514,-4782.6562,1407.2148,-3375.4414
116,-3245.8635,-1542.7344,0,3265.3792,-1852.7373,-4788.5979,1412.6419,-3375.956
117,-3299.6003,-1543.3062,0,3241.5321,-1838.421,-4842.9065,1403.1111,-3439.7954
118,-3281.7113,-1546.0773,0,3248.4448,-1842.3495,-4827.7886,1406.0953,-3421.6933
119,-3281.26,-1547.1458,0,3244.9671,-1830.1488,-4828.4058,1414.8183,-3413.5875
120,-3273.3587,-1540.2714,0,3264.5901,-1846.7461,-4813.6301,1417.844,-3395.7861
121,-3277.3654,-1543.2614,0,3261.4763,-1838.0669,-4820.6268,1423.4094,-3397.2174
122,-3268.1429,-1544.3616,0,3252.3665,-1840.1748,-4812.5045,1412.1917,-3400.3128
123,-3278.0491,-1541.5913,0,3260.536,-1843.7574,-4819.6404,1416.7786,-3402.8618
124,-3270.6956,-1543.2382,0,3251.9838,-1836.8579,-4813.9338,1415.1259,-3398.8079
125,-3248.307,-1544.5881,0,3256.7182,-1843.3699,-4792.8951,1413.3483,-3379.5468
126,-3266.2801,-1548.4698,0,3255.9575,-1856.8382,-4814.7499,1399.1193,-3415.6306
127,-3271.9639,-1543.5479,0,3260.7345,-1845.3941,-4815.5118,1415.3404,-3400.1714
128,-3264.7713,-1545.4516,0,3257.805,-1851.7986,-4810.2229,1406.0064,-3404.2165
129,-3280.3221,-1538.8268,0,3251.9082,-1848.2905,-4819.1489,1403.6177,-3415.5312
130,-3269.5429,-1539.9116,0,3258.1121,-1847.9847,-4809.4545,1410.1274,-3399.3271
131,-3287.7823,-1540.7919,0,3265.776,-1851.0978,-4828.5742,1414.6782,-3413.896
132,-3256.6834,-1538.6728,0,3262.1992,-1853.9895,-4795.3562,1408.2097,-3387.1465
133,-3243.7654,-1539.127,0,3269.2159,-1860.6039,-4782.8924,1408.612,-3374.2804
134,-3230.3749,-1544.013,0,3264.8452,-1856.8907,-4774.3879,1407.9545,-3366.4334
135,-3247.5533,-1540.4966,0,3255.9008,-1848.3249,-4788.0499,1407.5759,-3380.474
136,-3278.0701,-1542.7998,0,3259.2839,-1843.6242,-4820.8699,1415.6597,-3405.2102
137,-3241.4855,-1540.572,0,3265.8706,-1848.8463,-4782.0575,1417.0243,-3365.0332
138,-3327.919,-1543.1602,0,3244.2537,-1835.7303,-4871.0792,1408.5234,-3462.5558
139,-3221.2233,-1543.3537,0,3264.6043,-1857.1236,-4764.577,1407.4807,-3357.0963
140,-3293.4268,-1540.3301,0,3260.3848,-1845.7275,-4833.7569,1414.6573,-3419.0996
141,-3320.7398,-1541.8708,0,3250.4198,-1834.9929,-4862.6106,1415.4269,-3447.1837
142,-3314.1,-1541.9945,0,3264.3633,-1854.4547,-4856.0945,1409.9086,-3446.1859
143,-3295.5009,-1544.0094,0,3252.7776,-1841.256,-4839.5103,1411.5216,-3427.9887
144,-3232.3768,-1544.417,0,3260.7392,-1850.658,-4776.7938,1410.0812,-3366.7126
145,-3279.2513,-1547.1414,0,3261.2023,-1851.6321,-4826.3927,1409.5702,-3416.8225
146,-3230.5272,-1546.3063,0,3272.7265,-1863.6649,-4776.8335,1409.0616,-3367.7719
147,-3246.207,-1542.0999,0,3276.4782,-1855.0455,-4788.3069,1421.4327,-3366.8742
148,-3266.0496,-1543.6791,0,3253.2832,-1845.9923,-4809.7287,1407.2909,-3402.4378
149,-3236.9257,-1542.9271,0,3261.7787,-1853.305,-4779.8528,1408.4737,-3371.3791
150,-3248.1866,-1545.9543,0,3280.6315,-1864.8472,-4794.1409,1415.7843,-3378.3566
151,-3268.1465,-1540.3421,0,3273.818,-1858.6028,-4808.4886,1415.2152,-3393.2734
152,-3257.4035,-1542.1145,0,3257.4175,-1850.4334,-4799.518,1406.9841,-3392.5339
153,-3293.6785,-1538.5168,0,3276.4876,-1857.6961,-4832.1953,1418.7915,-3413.4038
154,-3277.4198,-1549.1018,0,3257.0112,-1844.4706,-4826.5216,1412.5406,-3413.981
155,-3299.6083,-1544.2957,0,3250.6655,-1834.7766,-4843.904,1415.8889,-3428.0151
156,-3312.7789,-1544.2923,0,3253.2359,-1827.4188,-4857.0712,1425.8171,-3431.2541
157,-3242.8234,-1544.6369,0,3252.8579,-1845.9823,-4787.4603,1406.8756,-3380.5847
158,-3280.2223,-1546.5017,0,3268.9891,-1860.2193,-4826.724,1408.7698,-3417.9542
159,-3284.726,-1540.9789,0,3262.9788,-1847.2109,-4825.7049,1415.7679,-3409.937
160,-3261.4941,-1538.7654,0,3254.9369,-1840.0898,-4800.2595,1414.8471,-3385.4124
161,-3263.1927,-1542.3567,0,3273.5156,-1853.1981,-4805.5494,1420.3175,-3385.2319
162,-3287.6437,-1543.5595,0,3254.1526,-1848.6211,-4831.2032,1405.5315,-3425.6717
163,-3273.0087,-1542.6167,0,3254.6865,-1839.5677,-4815.6254,1415.1188,-3400.5066
164,-3283.5796,-1543.6826,0,3247.6132,-1841.9754,-4827.2622,1405.6378,-3421.6244
165,-3228.9008,-1542.7612,0,3264.883,-1848.748,-4771.662,1416.135,-3355.527
166,-3291.6364,-1545.5351,0,3263.3096,-1850.8133,-4837.1715,1412.4963,-3424.6752
167,-3303.1705,-1545.2176,0,3257.9515,-1848.9086,-4848.3881,1409.0429,-3439.3452
168,-3300.8279,-1544.9423,0,3261.0747,-1848.4624,-4845.7702,1412.6123,-3433.1579
169,-3263.1746,-1536.1141,0,3265.2516,-1849.4165,-4799.2887,1415.8351,-3383.4536
170,-3241.2783,-1541.7088,0,3267.4912,-1845.3788,-4782.9871,1422.1124,-3360.8747
171,-3257.4379,-1539.7352,0,3257.616,-1849.9037,-4797.1731,1407.7123,-3389.4608
172,-3285.7796,-1537.1783,0,3269.4001,-1849.8035,-4822.9579,1419.5966,-3403.3613
173,-3283.256,-1538.3108,0,3257.616,-1846.7822,-4821.5668,1410.8338,-3410.733
174,-3246.7762,-1548.4447,0,3249.9284,-1847.0046,-4795.2209,1402.9238,-3392.2971
175,-3281.6482,-1540.377,0,3254.0392,-1845.2996,-4822.0252,1408.7396,-3413.2856
176,-3227.5826,-1546.3276,0,3256.7607,-1858.4752,-4773.9102,1398.2855,-3375.6247
177,-3268.8997,-1541.7298,0,3257.9704,-1858.6189,-4810.6295,1399.3515,-3411.278
178,-3233.541,-1541.9861,0,3270.6003,-1874.3724,-4775.5271,1396.2279,-3379.2992
179,-3288.9065,-1538.8481,0,3264.2593,-1844.8907,-4827.7546,1419.3686,-3408.386
180,-3247.9366,-1540.4631,0,3266.1115,-1854.7427,-4788.3997,1411.3688,-3377.0309
181,-3258.0639,-1539.7773,0,3269.1072,-1854.8091,-4797.8412,1414.2981,-3383.5431
182,-3267.9078,-1539.7809,0,3252.7303,-1842.2819,-4807.6887,1410.4484,-3397.2403
183,-3261.7832,-1540.5874,0,3263.0923,-1854.7573,-4802.3706,1408.335,-3394.0356
184,-3250.936,-1539.1676,0,3262.3315,-1849.0875,-4790.1036,1413.244,-3376.8596
185,-3290.1788,-1545.0255,0,3234.9313,-1821.9208,-4835.2043,1413.0105,-3422.1938
186,-3265.8882,-1539.7871,0,3242.1038,-1834.6777,-4805.6753,1407.4261,-3398.2492
187,-3281.6244,-1542.1995,0,3256.1843,-1837.1928,-4823.8239,1418.9915,-3404.8324
188,-3262.2084,-1541.7783,0,3252.3807,-1840.8919,-4803.9867,1411.4888,-3392.4979
189,-3239.8531,-1544.6009,0,3255.5134,-1842.3665,-4784.454,1413.1469,-3371.3071
190,-3303.9717,-1548.4074,0,3241.6218,-1833.0343,-4852.3791,1408.5875,-3443.7916
191,-3298.1694,-1544.7017,0,3246.1106,-1827.101,-4842.8711,1419.0096,-3423.8615
192,-3241.0646,-1545.8245,0,3243.6253,-1832.0179,-4786.8891,1411.6074,-3375.2817
193,-3272.11,-1540.7684,0,3246.9375,-1835.048,-4812.8784,1411.8895,-3400.9889
194,-3282.9783,-1538.3149,0,3252.6925,-1832.2189,-4821.2932,1420.4736,-3400.8196
195,-3279.1658,-1545.3273,0,3261.4432,-1847.2449,-4824.4931,1414.1983,-3410.2948
196,-3283.8907,-1541.2451,0,3252.3098,-1820.452,-4825.1358,1431.8578,-3393.278
197,-3293.1498,-1542.2102,0,3249.0448,-1830.8732,-4835.36,1418.1716,-3417.1884
198,-3248.3158,-1545.6594,0,3253.2643,-1843.2903,-4793.9752,1409.974,-3384.0012
199,-3263.3447,-1539.8656,0,3270.846,-1858.6177,-4803.2103,1412.2283,-3390.982
,,,,,,,,
Ligand Energy Terms,,,,,,,,
Frame #,VDWAALS,EEL,EPB,ENPOLAR,EDISPER,G gas,G solv,TOTAL
0,-10.3644,37.3492,0,44.4175,-50.7279,26.9848,-6.3104,20.6744
1,-10.0337,35.7327,0,45.75,-51.588,25.699,-5.838,19.861
2,-7.9474,37.8759,0,44.9373,-51.3299,29.9285,-6.3926,23.5359
3,-9.1754,36.502,0,45.4145,-50.9226,27.3266,-5.5081,21.8185
4,-8.2027,35.9589,0,45.646,-51.4181,27.7562,-5.7721,21.9841
5,-9.4872,37.3973,0,45.1782,-51.3074,27.9101,-6.1292,21.7809
6,-8.395,35.7704,0,45.7972,-51.5297,27.3754,-5.7325,21.6429
7,-10.0388,35.6979,0,45.5326,-51.1434,25.6591,-5.6108,20.0483
8,-4.7876,36.3721,0,45.5893,-52.0878,31.5845,-6.4985,25.086
9,-9.354,36.3625,0,45.7547,-51.4306,27.0085,-5.6759,21.3326
10,-8.5761,37.1392,0,45.3389,-51.8637,28.5631,-6.5248,22.0383
11,-9.4028,36.6845,0,45.509,-51.7793,27.2817,-6.2703,21.0114
12,-7.8449,36.8031,0,45.3011,-51.4693,28.9582,-6.1682,22.79
13,-10.3232,36.6891,0,45.1877,-52.0844,26.3659,-6.8967,19.4692
14,-7.7157,37.1054,0,45.1026,-51.582,29.3897,-6.4794,22.9103
15,-10.0144,36.2249,0,45.1357,-51.3509,26.2105,-6.2152,19.9953
16,-8.2322,36.2416,0,45.7311,-51.5179,28.0094,-5.7868,22.2226
17,-8.6405,35.4105,0,45.5893,-51.6836,26.77,-6.0943,20.6757
18,-7.2932,36.6064,0,45.4665,-51.6195,29.3132,-6.153,23.1602
19,-8.1248,35.7497,0,45.3058,-52.3411,27.6249,-7.0353,20.5896
20,-8.9725,36.3356,0,45.3483,-51.2143,27.3631,-5.866,21.4971
21,-9.2554,35.4114,0,45.5799,-51.247,26.156,-5.6671,20.4889
22,-7.2135,35.9249,0,45.4901,-51.578,28.7114,-6.0879,22.6235
23,-9.6383,35.635,0,45.0837,-50.9149,25.9967,-5.8312,20.1655
24,-10.4173,36.2066,0,45.32,-51.276,25.7893,-5.956,19.8333
25,-7.8398,36.5554,0,45.1499,-51.3026,28.7156,-6.1527,22.5629
26,-6.2282,35.9947,0,45.3814,-51.3718,29.7665,-5.9904,23.7761
27,-10.233,36.9069,0,44.994,-51.3799,26.6739,-6.3859,20.288
28,-10.6056,36.9659,0,45.2208,-50.9025,26.3603,-5.6817,20.6786
29,-10.2167,36.0499,0,45.1593,-51.4063,25.8332,-6.247,19.5862
30,-9.4218,35.1419,0,45.3531,-51.2819,25.7201,-5.9288,19.7913
31,-9.8037,36.3814,0,45.3058,-51.4912,26.5777,-6.1854,20.3923
32,-9.3342,35.9193,0,45.3295,-51.5091,26.5851,-6.1796,20.4055
33,-10.0984,36.1359,0,45.5421,-51.6423,26.0375,-6.1002,19.9373
34,-10.0763,36.3308,0,44.994,-50.7871,26.2545,-5.7931,20.4614
35,-8.8585,36.2073,0,45.5846,-51.4221,27.3488,-5.8375,21.5113
36,-10.3652,35.9647,0,44.8947,-51.6054,25.5995,-6.7107,18.8888
37,-9.3687,36.1165,0,45.7925,-52.2001,26.7478,-6.4076,20.3402
38,-10.1145,35.5683,0,45.1593,-51.2665,25.4538,-6.1072,19.3466
39,-8.067,36.1005,0,45.6744,-51.5549,28.0335,-5.8805,22.153
40,-9.645,36.7409,0,45.1026,-51.3439,27.0959,-6.2413,20.8546
41,-9.6512,37.669,0,44.8569,-50.8221,28.0178,-5.9652,22.0526
42,-8.5648,36.8353,0,45.2586,-51.3748,28.2705,-6.1162,22.1543
43,-10.8577,35.8738,0,44.6396,-51.3999,25.0161,-6.7603,18.2558
44,-8.7379,35.9547,0,45.2066,-51.282,27.2168,-6.0754,21.1414
45,-9.7635,36.0081,0,44.6302,-51.6496,26.2446,-7.0194,19.2252
46,-9.0465,35.9839,0,45.0176,-50.9871,26.9374,-5.9695,20.9679
47,-10.4861,34.9984,0,45.8539,-51.1991,24.5123,-5.3452,19.1671
48,-9.2156,36.433,0,45.561,-51.8292,27.2174,-6.2682,20.9492
49,-10.0739,36.3622,0,45.4428,-51.294,26.2883,-5.8512,20.4371
50,-10.3051,36.4674,0,45.3578,-51.8496,26.1623,-6.4918,19.6705
51,-9.2787,35.6225,0,45.7169,-50.9309,26.3438,-5.214,21.1298
52,-9.3573,37.4213,0,45.2916,-51.8087,28.064,-6.5171,21.5469
53,-10.3394,37.1883,0,45.4003,-51.6812,26.8489,-6.2809,20.568
54,-8.2148,36.1278,0,45.698,-51.4862,27.913,-5.7882,22.1248
55,-9.7944,37.3357,0,45.0885,-51.6402,27.5413,-6.5517,20.9896
56,-10.0394,36.6003,0,45.1215,-51.2059,26.5609,-6.0844,20.4765
57,-9.8122,36.3042,0,45.4759,-51.988,26.492,-6.5121,19.9799
58,-10.1721,36.0448,0,45.7736,-51.6223,25.8727,-5.8487,20.024
59,-8.2126,35.1193,0,45.7075,-51.6951,26.9067,-5.9876,20.9191
60,-10.2421,37.1884,0,45.6035,-51.5749,26.9463,-5.9714,20.9749
61,-7.8204,38.1466,0,45.2633,-52.1487,30.3262,-6.8854,23.4408
62,-9.0611,37.3594,0,45.4381,-51.4513,28.2983,-6.0132,22.2851
63,-9.2442,35.7857,0,45.7642,-51.9281,26.5415,-6.1639,20.3776
64,-9.2756,35.6479,0,45.7878,-51.7661,26.3723,-5.9783,20.394
65,-7.6963,36.3588,0,44.9609,-51.4041,28.6625,-6.4432,22.2193
66,-9.7392,36.878,0,46.0713,-51.7196,27.1388,-5.6483,21.4905
67,-9.7294,36.9721,0,45.3105,-51.8329,27.2427,-6.5224,20.7203
68,-9.362,35.8461,0,45.5704,-51.2958,26.4841,-5.7254,20.7587
69,-10.9308,36.7196,0,45.3389,-51.3678,25.7888,-6.0289,19.7599
70,-10.1865,36.3256,0,45.5185,-51.2171,26.1391,-5.6986,20.4405
71,-10.1187,35.3944,0,45.9532,-51.4702,25.2757,-5.517,19.7587
72,-9.0767,35.7866,0,45.6838,-51.4967,26.7099,-5.8129,20.897
73,-8.675,36.2266,0,45.3862,-51.5611,27.5516,-6.1749,21.3767
74,-7.3453,36.5384,0,45.4428,-51.4796,29.1931,-6.0368,23.1563
75,-8.1788,36.1255,0,45.3767,-51.3047,27.9467,-5.928,22.0187
76,-8.5984,36.2609,0,45.4712,-51.3588,27.6625,-5.8876,21.7749
77,-9.4634,35.9587,0,45.8067,-51.986,26.4953,-6.1793,20.316
78,-9.7516,35.8669,0,45.372,-51.9948,26.1153,-6.6228,19.4925
79,-9.1929,37.3245,0,45.698,-50.9205,28.1316,-5.2225,22.9091
80,-8.7439,37.6622,0,45.457,-51.6263,28.9183,-6.1693,22.749
81,-9.2703,37.1397,0,45.5988,-51.7812,27.8694,-6.1824,21.687
82,-9.0802,38.1655,0,45.7216,-51.2821,29.0853,-5.5605,23.5248
83,-8.3973,37.8707,0,45.3389,-51.4532,29.4734,-6.1143,23.3591
84,-10.2931,37.0075,0,45.6555,-51.4303,26.7144,-5.7748,20.9396
85,-9.8985,36.8334,0,45.8492,-52.0298,26.9349,-6.1806,20.7543
86,-9.156,36.5012,0,46.0051,-51.8921,27.3452,-5.887,21.4582
87,-9.1208,36.4677,0,45.5988,-52.0623,27.3469,-6.4635,20.8834
88,-9.8861,35.7725,0,46.0476,-51.5063,25.8864,-5.4587,20.4277
89,-10.0254,36.5436,0,45.4003,-51.6519,26.5182,-6.2516,20.2666
90,-8.8755,36.6616,0,45.027,-51.5406,27.7861,-6.5136,21.2725
91,-9.3933,37.0314,0,45.6885,-52.1371,27.6381,-6.4486,21.1895
92,-9.9414,36.81,0,45.6271,-52.1783,26.8686,-6.5512,20.3174
93,-9.5305,38.4379,0,45.698,-51.8406,28.9074,-6.1426,22.7648
94,-9.6358,37.9035,0,45.4239,-51.4771,28.2677,-6.0532,22.2145
95,-10.5378,36.1722,0,45.7689,-51.8545,25.6344,-6.0856,19.5488
96,-9.9302,37.6662,0,45.4192,-51.6536,27.736,-6.2344,21.5016
97,-9.7212,36.1967,0,45.9106,-51.8248,26.4755,-5.9142,20.5613
98,-9.0901,36.6768,0,45.4098,-51.8828,27.5867,-6.473,21.1137
99,-9.6811,36.7733,0,45.1972,-51.4446,27.0922,-6.2474,20.8448
100,-8.0704,36.7372,0,45.1735,-51.8068,28.6668,-6.6333,22.0335
101,-9.2087,36.2067,0,45.8823,-51.9469,26.998,-6.0646,20.9334
102,-9.5903,36.01,0,45.646,-51.9038,26.4197,-6.2578,20.1619
103,-7.0898,36.1054,0,45.3672,-51.836,29.0156,-6.4688,22.5468
104,-8.6475,38.5743,0,45.75,-51.7734,29.9268,-6.0234,23.9034
105,-9.4612,35.5575,0,45.5468,-51.7859,26.0963,-6.2391,19.8572
106,-9.7336,36.7455,0,45.3814,-51.5551,27.0119,-6.1737,20.8382
107,-9.9838,37.0928,0,45.3058,-51.8448,27.109,-6.539,20.57
108,-8.1876,35.731,0,45.7689,-51.886,27.5434,-6.1171,21.4263
109,-7.7416,37.2408,0,45.3342,-51.9663,29.4992,-6.6321,22.8671
110,-9.4012,38.5449,0,45.4192,-51.968,29.1437,-6.5488,22.5949
111,-10.2355,37.3174,0,46.0713,-51.6109,27.0819,-5.5396,21.5423
112,-10.4229,36.5361,0,45.4239,-51.6749,26.1132,-6.251,19.8622
113,-8.8643,35.8404,0,45.6319,-51.6338,26.9761,-6.0019,20.9742
114,-10.0213,37.7921,0,45.6413,-51.7495,27.7708,-6.1082,21.6626
115,-10.1098,36.5376,0,45.7783,-51.5616,26.4278,-5.7833,20.6445
116,-8.9365,37.6171,0,45.027,-51.2115,28.6806,-6.1845,22.4961
117,-8.9505,36.6529,0,45.4334,-52.4458,27.7024,-7.0124,20.69
118,-8.7717,36.4467,0,45.0885,-51.6149,27.675,-6.5264,21.1486
119,-9.9442,36.3226,0,45.6744,-51.6131,26.3784,-5.9387,20.4397
120,-9.1832,38.3555,0,44.9987,-51.6004,29.1723,-6.6017,22.5706
121,-9.5042,39.2408,0,45.7027,-51.6869,29.7366,-5.9842,23.7524
122,-10.4632,37.6423,0,45.6696,-50.9578,27.1791,-5.2882,21.8909
123,-9.1843,38.0448,0,45.594,-51.5722,28.8605,-5.9782,22.8823
124,-9.4035,36.918,0,45.7452,-52.0232,27.5145,-6.278,21.2365
125,-8.9058,35.9252,0,45.2066,-51.7425,27.0194,-6.5359,20.4835
126,-9.5911,36.2588,0,45.9295,-52.3729,26.6677,-6.4434,20.2243
127,-8.6981,38.4464,0,45.3342,-51.758,29.7483,-6.4238,23.3245
128,-8.6424,37.1747,0,45.8019,-52.2262,28.5323,-6.4243,22.108
129,-9.847,38.1075,0,45.2349,-51.9896,28.2605,-6.7547,21.5058
130,-9.7773,36.4695,0,46.024,-51.7994,26.6922,-5.7754,20.9168
131,-9.451,35.4633,0,45.698,-52.0009,26.0123,-6.3029,19.7094
132,-9.6685,36.6427,0,45.4854,-51.4174,26.9742,-5.932,21.0422
133,-7.3202,37.8593,0,45.2349,-51.3355,30.5391,-6.1006,24.4385
134,-7.8662,37.2209,0,45.6129,-51.5469,29.3547,-5.934,23.4207
135,-9.409,36.098,0,45.7311,-52.1841,26.689,-6.453,20.236
136,-9.1277,38.0887,0,45.0743,-51.8468,28.961,-6.7725,22.1885
137,-8.7519,37.1149,0,45.6271,-51.2907,28.363,-5.6636,22.6994
138,-7.8462,37.2448,0,44.7861,-51.9271,29.3986,-7.141,22.2576
139,-10.301,35.8652,0,45.7642,-51.7179,25.5642,-5.9537,19.6105
140,-8.7008,38.3145,0,45.3672,-52.1503,29.6137,-6.7831,22.8306
141,-9.8217,35.9807,0,45.8303,-52.12,26.159,-6.2897,19.8693
142,-9.763,36.7771,0,45.8303,-51.8354,27.0141,-6.0051,21.009
143,-9.292,36.3858,0,45.3295,-52.145,27.0938,-6.8155,20.2783
144,-9.5611,38.2404,0,45.4854,-51.6915,28.6793,-6.2061,22.4732
145,-8.1359,35.6845,0,45.9484,-52.1819,27.5486,-6.2335,21.3151
146,-8.8407,36.4038,0,45.9295,-51.9335,27.5631,-6.004,21.5591
147,-9.5956,38.2177,0,45.509,-52.4896,28.6221,-6.9806,21.6415
148,-9.6308,38.4645,0,45.9673,-52.4047,28.8337,-6.4374,22.3963
149,-9.7776,37.5907,0,45.7878,-52.2466,27.8131,-6.4588,21.3543
150,-9.4177,36.5701,0,45.7547,-52.1309,27.1524,-6.3762,20.7762
151,-10.1465,37.6925,0,45.5185,-51.7534,27.546,-6.2349,21.3111
152,-9.3958,37.3413,0,45.75,-51.4667,27.9455,-5.7167,22.2288
153,-10.5712,37.0865,0,45.5373,-51.3309,26.5153,-5.7936,20.7217
154,-8.8807,37.6165,0,45.9437,-51.85,28.7358,-5.9063,22.8295
155,-9.4095,37.5174,0,45.9862,-51.767,28.1079,-5.7808,22.3271
156,-9.3342,38.1256,0,45.6555,-51.7605,28.7914,-6.105,22.6864
157,-9.7494,38.5647,0,45.8397,-52.1716,28.8153,-6.3319,22.4834
158,-5.8287,35.9509,0,45.7216,-51.6772,30.1222,-5.9556,24.1666
159,-8.7316,37.9274,0,45.4192,-51.4671,29.1958,-6.0479,23.1479
160,-9.3642,36.5424,0,46.0382,-52.0276,27.1782,-5.9894,21.1888
161,-7.2277,37.0746,0,45.509,-51.3806,29.8469,-5.8716,23.9753
162,-9.2825,37.7952,0,46.161,-52.4499,28.5127,-6.2889,22.2238
163,-9.7559,37.865,0,45.561,-51.2777,28.1091,-5.7167,22.3924
164,-9.3489,37.6149,0,45.8634,-51.569,28.266,-5.7056,22.5604
165,-9.458,38.3419,0,46.0618,-51.8784,28.8839,-5.8166,23.0673
166,-7.6892,37.999,0,45.4239,-51.323,30.3098,-5.8991,24.4107
167,-9.8826,36.1738,0,45.8681,-51.6762,26.2912,-5.8081,20.4831
168,-8.5583,37.1249,0,45.4003,-51.1442,28.5666,-5.7439,22.8227
169,-9.663,36.2414,0,45.4003,-51.6646,26.5784,-6.2643,20.3141
170,-8.3049,38.043,0,45.6224,-52.4445,29.7381,-6.8221,22.916
171,-9.0912,37.8886,0,45.7642,-52.2136,28.7974,-6.4494,22.348
172,-8.2985,37.5062,0,45.5752,-51.399,29.2077,-5.8238,23.3839
173,-9.9725,37.5587,0,46.0004,-51.6759,27.5862,-5.6755,21.9107
174,-9.4932,36.1253,0,46.454,-52.026,26.6321,-5.572,21.0601
175,-9.7749,37.5235,0,45.7358,-51.8848,27.7486,-6.149,21.5996
176,-8.348,38.0205,0,45.5893,-52.0896,29.6725,-6.5003,23.1722
177,-10.2772,36.3973,0,45.7736,-51.4007,26.1201,-5.6271,20.493
178,-10.078,37.6648,0,45.4192,-51.7232,27.5868,-6.304,21.2828
179,-9.5521,38.1065,0,45.646,-51.6302,28.5544,-5.9842,22.5702
180,-9.9632,37.8146,0,46.1185,-51.5653,27.8514,-5.4468,22.4046
181,-8.5136,38.0564,0,45.8586,-51.9786,29.5428,-6.12,23.4228
182,-9.5408,37.7208,0,45.8586,-52.0185,28.18,-6.1599,22.0201
183,-8.9463,38.0098,0,46.0287,-51.2843,29.0635,-5.2556,23.8079
184,-9.1993,37.7736,0,45.7311,-51.7682,28.5743,-6.0371,22.5372
185,-9.594,37.5453,0,45.9532,-52.0476,27.9513,-6.0944,21.8569
186,-9.7109,37.631,0,45.5185,-51.5698,27.9201,-6.0513,21.8688
187,-9.9559,38.5968,0,45.5421,-52.0244,28.6409,-6.4823,22.1586
188,-9.5764,37.2284,0,46.0618,-51.94,27.652,-5.8782,21.7738
189,-9.1326,38.2708,0,45.3342,-51.2298,29.1382,-5.8956,23.2426
190,-8.9769,38.2839,0,45.4665,-51.2645,29.307,-5.798,23.509
191,-9.7107,38.3405,0,46.0524,-51.5627,28.6298,-5.5103,23.1195
192,-9.6073,37.4099,0,45.3578,-51.8961,27.8026,-6.5383,21.2643
193,-7.2101,38.3044,0,45.7169,-52.3532,31.0943,-6.6363,24.458
194,-8.7217,37.0667,0,46.0004,-51.737,28.345,-5.7366,22.6084
195,-7.477,37.6526,0,44.8192,-51.6944,30.1756,-6.8752,23.3004
196,-9.7353,37.9314,0,45.7736,-51.7867,28.1961,-6.0131,22.183
197,-9.8273,37.9468,0,46.0429,-51.9359,28.1195,-5.893,22.2265
198,-10.2971,37.2718,0,45.594,-51.294,26.9747,-5.7,21.2747
199,-7.8,36.1401,0,45.1405,-51.4562,28.3401,-6.3157,22.0244
,,,,,,,,
DELTA Energy Terms,,,,,,,,
Frame #,VDWAALS,EEL,EPB,ENPOLAR,EDISPER,DELTA G gas,DELTA G solv,DELTA TOTAL
0,-61.6108,-14.5962,0,-39.5697,73.838,-76.207,34.2683,-41.9387
1,-53.8553,-15.2774,0,-40.1603,75.6847,-69.1327,35.5244,-33.6083
2,-65.876,-15.7506,0,-40.6234,74.1983,-81.6266,33.5749,-48.0517
3,-60.6841,-14.9344,0,-40.6234,74.5115,-75.6185,33.8881,-41.7304
4,-52.9204,-13.451,0,-39.546,77.1971,-66.3714,37.6511,-28.7203
5,-58.0806,-14.0501,0,-40.3729,75.3552,-72.1307,34.9823,-37.1484
6,-59.4333,-15.1975,0,-41.6156,75.7147,-74.6308,34.0991,-40.5317
7,-63.5312,-14.3291,0,-40.9966,75.7448,-77.8603,34.7482,-43.1121
8,-65.8155,-14.7113,0,-40.7367,75.7498,-80.5268,35.0131,-45.5137
9,-59.9183,-14.2116,0,-42.2346,74.7526,-74.1299,32.518,-41.6119
10,-63.274,-15.6146,0,-40.5666,76.3135,-78.8886,35.7469,-43.1417
11,-62.2041,-14.8142,0,-41.3085,75.1687,-77.0183,33.8602,-43.1581
12,-58.6837,-14.8825,0,-41.2801,74.8993,-73.5662,33.6192,-39.947
13,-61.7993,-13.9306,0,-40.5808,77.6469,-75.7299,37.0661,-38.6638
14,-65.0051,-15.8884,0,-40.661,75.7774,-80.8935,35.1164,-45.7771
15,-59.2217,-15.0019,0,-41.4786,74.5994,-74.2236,33.1208,-41.1028
16,-64.308,-14.3452,0,-41.5779,75.2726,-78.6532,33.6947,-44.9585
17,-56.1335,-15.3571,0,-40.5808,76.0406,-71.4906,35.4598,-36.0308
18,-52.3607,-14.8629,0,-40.8644,76.2468,-67.2236,35.3824,-31.8412
19,-59.178,-14.403,0,-40.7414,75.0893,-73.581,34.3479,-39.2331
20,-60.3189,-15.5345,0,-40.8643,74.6579,-75.8534,33.7936,-42.0598
21,-57.9592,-14.6636,0,-40.9967,74.924,-72.6228,33.9273,-38.6955
22,-51.6921,-15.2894,0,-41.3793,74.1755,-66.9815,32.7962,-34.1853
23,-55.4482,-14.5018,0,-40.784,73.6431,-69.95,32.8591,-37.0909
24,-60.7261,-14.756,0,-40.9068,75.6844,-75.4821,34.7776,-40.7045
25,-57.9263,-13.4223,0,-40.236,74.6038,-71.3486,34.3678,-36.9808
26,-60.8422,-15.0258,0,-41.5872,74.9571,-75.868,33.3699,-42.4981
27,-65.2738,-13.8531,0,-40.1036,77.1235,-79.1269,37.0199,-42.107
28,-59.3721,-14.7383,0,-40.5619,75.4666,-74.1104,34.9047,-39.2057
29,-67.7883,-14.2717,0,-40.6327,75.7596,-82.06,35.1269,-46.9331
30,-56.6492,-14.6252,0,-40.9588,75.6469,-71.2744,34.6881,-36.5863
31,-57.6455,-16.1047,0,-41.5163,75.0555,-73.7502,33.5392,-40.211
32,-64.7614,-14.4402,0,-40.699,75.7501,-79.2016,35.0511,-44.1505
33,-68.7443,-13.9457,0,-41.1242,76.397,-82.69,35.2728,-47.4172
34,-63.1695,-15.1252,0,-40.8501,75.33,-78.2947,34.4799,-43.8148
35,-63.7988,-14.257,0,-41.2376,76.6867,-78.0558,35.4491,-42.6067
36,-61.3718,-14.3771,0,-40.869,75.0354,-75.7489,34.1664,-41.5825
37,-69.8278,-13.9064,0,-41.4313,77.6133,-83.7342,36.182,-47.5522
38,-62.9679,-14.0889,0,-40.9399,75.3168,-77.0568,34.3769,-42.6799
39,-58.131,-14.9736,0,-41.5448,74.5998,-73.1046,33.055,-40.0496
40,-64.2479,-16.0331,0,-40.6658,75.8369,-80.281,35.1711,-45.1099
41,-61.7585,-16.5556,0,-41.6156,72.5808,-78.3141,30.9652,-47.3489
42,-66.7152,-13.9419,0,-41.2849,76.0346,-80.6571,34.7497,-45.9074
43,-61.1114,-14.2043,0,-40.7368,74.5139,-75.3157,33.7771,-41.5386
44,-56.7874,-15.5415,0,-40.8359,76.0475,-72.3289,35.2116,-37.1173
45,-56.1154,-15.4684,0,-40.562,75.9163,-71.5838,35.3543,-36.2295
46,-60.9727,-14.0207,0,-41.1857,74.5788,-74.9934,33.3931,-41.6003
47,-64.9009,-14.1956,0,-41.6392,77.2243,-79.0965,35.5851,-43.5114
48,-66.0755,-13.4161,0,-41.2282,76.4402,-79.4916,35.212,-44.2796
49,-66.2675,-14.1442,0,-41.9605,74.697,-80.4117,32.7365,-47.6752
50,-57.8395,-14.3227,0,-41.4597,76.4266,-72.1622,34.9669,-37.1953
51,-65.6846,-13.9613,0,-42.3054,74.609,-79.6459,32.3036,-47.3423
52,-58.1619,-14.9183,0,-41.299,76.4993,-73.0802,35.2003,-37.8799
53,-63.0383,-15.4809,0,-41.7432,75.2933,-78.5192,33.5501,-44.9691
54,-60.814,-15.0511,0,-41.9132,75.4444,-75.8651,33.5312,-42.3339
55,-58.1294,-15.8387,0,-41.1242,74.8745,-73.9681,33.7503,-40.2178
56,-61.6803,-14.0086,0,-40.9635,74.8969,-75.6889,33.9334,-41.7555
57,-64.6234,-15.4845,0,-41.455,75.1369,-80.1079,33.6819,-46.426
58,-65.7892,-14.0443,0,-42.1401,75.5569,-79.8335,33.4168,-46.4167
59,-62.645,-14.563,0,-42.2489,75.1743,-77.208,32.9254,-44.2826
60,-59.7291,-15.1149,0,-41.9889,75.1225,-74.844,33.1336,-41.7104
61,-63.205,-16.0547,0,-42.0173,75.8049,-79.2597,33.7876,-45.4721
62,-56.6918,-16.9443,0,-42.4708,74.7802,-73.6361,32.3094,-41.3267
63,-65.1448,-14.3025,0,-41.2707,77.1589,-79.4473,35.8882,-43.5591
64,-54.5873,-14.842,0,-42.3858,76.4118,-69.4293,34.026,-35.4033
65,-64.3455,-14.7778,0,-41.3226,75.4485,-79.1233,34.1259,-44.9974
66,-50.7525,-16.7765,0,-41.9605,76.5398,-67.529,34.5793,-32.9497
67,-60.4497,-15.6717,0,-41.8471,74.2317,-76.1214,32.3846,-43.7368
68,-63.4383,-15.5374,0,-41.729,74.8577,-78.9757,33.1287,-45.847
69,-59.1379,-15.8938,0,-41.7621,74.1144,-75.0317,32.3523,-42.6794
70,-64.2969,-15.2918,0,-41.0203,76.428,-79.5887,35.4077,-44.181
71,-61.2498,-16.0016,0,-41.7432,76.5507,-77.2514,34.8075,-42.4439
72,-66.3266,-15.7508,0,-41.3699,75.6672,-82.0774,34.2973,-47.7801
73,-61.0386,-15.7209,0,-40.9541,75.5288,-76.7595,34.5747,-42.1848
74,-58.9105,-14.9269,0,-41.1903,75.5485,-73.8374,34.3582,-39.4792
75,-54.316,-14.0168,0,-41.1006,75.8343,-68.3328,34.7337,-33.5991
76,-72.14,-13.0356,0,-42.2015,76.9582,-85.1756,34.7567,-50.4189
77,-63.2368,-14.8215,0,-42.6409,75.2534,-78.0583,32.6125,-45.4458
78,-64.1674,-14.1822,0,-41.6629,75.494,-78.3496,33.8311,-44.5185
79,-64.4267,-15.7268,0,-42.0031,74.0273,-80.1535,32.0242,-48.1293
80,-58.6511,-16.3218,0,-41.677,75.7173,-74.9729,34.0403,-40.9326
81,-61.1232,-15.4786,0,-41.8377,75.9182,-76.6018,34.0805,-42.5213
82,-60.328,-15.4722,0,-42.4283,74.0001,-75.8002,31.5718,-44.2284
83,-56.0648,-15.5712,0,-41.8613,74.8135,-71.636,32.9522,-38.6838
84,-62.5479,-14.5594,0,-41.9038,74.8981,-77.1073,32.9943,-44.113
85,-68.4213,-13.878,0,-41.7857,77.6871,-82.2993,35.9014,-46.3979
86,-59.272,-13.4749,0,-42.2771,74.531,-72.7469,32.2539,-40.493
87,-61.7727,-12.9588,0,-41.9227,74.7576,-74.7315,32.8349,-41.8966
88,-52.9411,-14.2605,0,-42.3527,75.89,-67.2016,33.5373,-33.6643
89,-47.3734,-14.102,0,-41.1289,74.614,-61.4754,33.4851,-27.9903
90,-56.7094,-14.5001,0,-41.4549,74.8407,-71.2095,33.3858,-37.8237
91,-55.0414,-14.2496,0,-42.1069,75.3604,-69.291,33.2535,-36.0375
92,-60.6822,-14.8737,0,-41.1431,76.51,-75.5559,35.3669,-40.189
93,-57.9764,-15.9507,0,-41.8991,74.7537,-73.9271,32.8546,-41.0725
94,-64.9678,-16.2236,0,-41.6155,75.1312,-81.1914,33.5157,-47.6757
95,-58.889,-14.7581,0,-41.1384,77.0227,-73.6471,35.8843,-37.7628
96,-57.9395,-15.0781,0,-41.1903,75.2813,-73.0176,34.091,-38.9266
97,-55.0956,-15.9806,0,-42.107,74.0839,-71.0762,31.9769,-39.0993
98,-57.0739,-15.4238,0,-41.5919,74.7223,-72.4977,33.1304,-39.3673
99,-65.2732,-13.9205,0,-41.937,73.4184,-79.1937,31.4814,-47.7123
100,-65.6886,-13.2099,0,-41.5116,75.6738,-78.8985,34.1622,-44.7363
101,-64.9794,-13.6889,0,-42.0786,75.9559,-78.6683,33.8773,-44.791
102,-60.239,-13.8708,0,-42.2251,74.0321,-74.1098,31.807,-42.3028
103,-56.179,-14.7038,0,-41.2943,76.3537,-70.8828,35.0594,-35.8234
104,-65.037,-15.7338,0,-41.8519,75.251,-80.7708,33.3991,-47.3717
105,-58.5861,-14.7599,0,-41.6014,75.6093,-73.346,34.0079,-39.3381
106,-65.1496,-13.4141,0,-41.6298,75.8333,-78.5637,34.2035,-44.3602
107,-60.9244,-13.6334,0,-41.0911,76.1558,-74.5578,35.0647,-39.4931
108,-51.6359,-15.4508,0,-41.696,76.4289,-67.0867,34.7329,-32.3538
109,-58.337,-15.7268,0,-40.8029,74.5212,-74.0638,33.7183,-40.3455
110,-59.0954,-17.7551,0,-40.8454,75.5278,-76.8505,34.6824,-42.1681
111,-53.4533,-17.1915,0,-42.452,75.56,-70.6448,33.108,-37.5368
112,-55.3313,-15.6708,0,-40.6422,75.5606,-71.0021,34.9184,-36.0837
113,-58.9474,-17.3083,0,-41.7905,74.7885,-76.2557,32.998,-43.2577
114,-59.3834,-17.3912,0,-41.7337,74.8959,-76.7746,33.1622,-43.6124
115,-67.6864,-14.7847,0,-40.9824,75.4035,-82.4711,34.4211,-48.05
116,-65.3516,-15.0082,0,-40.5099,75.3423,-80.3598,34.8324,-45.5274
117,-57.1028,-15.3727,0,-41.8613,74.9501,-72.4755,33.0888,-39.3867
118,-65.4052,-16.0433,0,-40.8549,74.8983,-81.4485,34.0434,-47.4051
119,-55.0551,-14.9367,0,-41.4218,74.8084,-69.9918,33.3866,-36.6052
120,-60.8199,-15.9129,0,-41.1998,74.514,-76.7328,33.3142,-43.4186
121,-54.1145,-15.4315,0,-40.4532,75.5514,-69.546,35.0982,-34.4478
122,-60.701,-15.5019,0,-40.973,75.6539,-76.2029,34.6809,-41.522
123,-65.5959,-15.187,0,-40.7272,76.1938,-80.7829,35.4666,-45.3163
124,-65.6894,-16.1918,0,-41.6014,77.4936,-81.8812,35.8922,-45.989
125,-57.0207,-17.1155,0,-41.2281,76.5379,-74.1362,35.3098,-38.8264
126,-60.8775,-17.1207,0,-41.677,76.7605,-77.9982,35.0835,-42.9147
127,-63.6019,-16.8252,0,-41.0675,75.8858,-80.4271,34.8183,-45.6088
128,-64.8405,-16.5089,0,-41.2329,78.0182,-81.3494,36.7853,-44.5641
129,-63.454,-16.7769,0,-41.1242,75.8985,-80.2309,34.7743,-45.4566
130,-61.7262,-15.5011,0,-41.1714,76.123,-77.2273,34.9516,-42.2757
131,-45.1,-15.9621,0,-42.0219,74.1336,-61.0621,32.1117,-28.9504
132,-59.8767,-13.8536,0,-42.0786,73.8144,-73.7303,31.7358,-41.9945
133,-50.7874,-14.7767,0,-41.6629,74.4832,-65.5641,32.8203,-32.7438
134,-55.9131,-14.7948,0,-41.6203,76.0231,-70.7079,34.4028,-36.3051
135,-63.773,-13.9736,0,-41.8944,75.6661,-77.7466,33.7717,-43.9749
136,-51.1243,-16.0178,0,-41.4833,74.9265,-67.1421,33.4432,-33.6989
137,-49.7985,-15.6978,0,-41.6203,74.7482,-65.4963,33.1279,-32.3684
138,-57.4586,-14.8071,0,-40.9683,74.5741,-72.2657,33.6058,-38.6599
139,-53.1981,-13.2324,0,-41.8047,75.6538,-66.4305,33.8491,-32.5814
140,-58.0806,-15.7925,0,-41.9652,74.1863,-73.8731,32.2211,-41.652
141,-70.5479,-12.8597,0,-41.8613,74.9744,-83.4076,33.1131,-50.2945
142,-59.8024,-13.942,0,-42.0361,75.6995,-73.7444,33.6634,-40.081
143,-55.8602,-14.4955,0,-41.8425,74.9457,-70.3557,33.1032,-37.2525
144,-64.0468,-15.1646,0,-41.8708,76.3361,-79.2114,34.4653,-44.7461
145,-67.5517,-13.5274,0,-41.9936,76.0866,-81.0791,34.093,-46.9861
146,-66.9974,-14.0549,0,-43.2882,75.0526,-81.0523,31.7644,-49.2879
147,-63.1764,-14.5233,0,-42.1968,75.0716,-77.6997,32.8748,-44.8249
148,-57.9048,-13.9804,0,-42.6126,75.6201,-71.8852,33.0075,-38.8777
149,-59.8491,-13.7284,0,-42.3716,75.4361,-73.5775,33.0645,-40.513
150,-50.8365,-12.6968,0,-42.6363,74.6096,-63.5333,31.9733,-31.56
151,-59.163,-15.4693,0,-41.8519,75.3713,-74.6323,33.5194,-41.1129
152,-52.2627,-15.5905,0,-41.7999,74.6252,-67.8532,32.8253,-35.0279
153,-59.2237,-13.8706,0,-41.5824,74.8468,-73.0943,33.2644,-39.8299
154,-57.7503,-15.0612,0,-42.7685,74.5283,-72.8115,31.7598,-41.0517
155,-48.3395,-15.1065,0,-42.4566,74.4089,-63.446,31.9523,-31.4937
156,-67.3265,-14.7562,0,-42.0172,75.1402,-82.0827,33.123,-48.9597
157,-65.4615,-13.896,0,-42.4188,74.915,-79.3575,32.4962,-46.8613
158,-60.2973,-13.0222,0,-41.8235,74.7413,-73.3195,32.9178,-40.4017
159,-60.646,-14.0079,0,-42.0124,74.0173,-74.6539,32.0049,-42.649
160,-57.0993,-15.3477,0,-42.8724,75.062,-72.447,32.1896,-40.2574
161,-56.3171,-15.2469,0,-41.9274,74.4069,-71.564,32.4795,-39.0845
162,-63.0062,-14.5016,0,-42.5322,75.3732,-77.5078,32.841,-44.6668
163,-66.5718,-14.7772,0,-41.5353,73.7012,-81.349,32.1659,-49.1831
164,-61.2468,-14.5702,0,-41.8141,74.4294,-75.817,32.6153,-43.2017
165,-64.3681,-15.1,0,-42.1967,75.0911,-79.4681,32.8944,-46.5737
166,-62.9312,-14.3323,0,-42.0502,72.6584,-77.2635,30.6082,-46.6553
167,-51.3997,-13.939,0,-42.1496,73.5453,-65.3387,31.3957,-33.943
168,-60.4421,-15.0312,0,-41.729,73.7884,-75.4733,32.0594,-43.4139
169,-56.8994,-13.9348,0,-41.4171,75.3973,-70.8342,33.9802,-36.854
170,-59.2702,-14.5525,0,-42.14,74.3745,-73.8227,32.2345,-41.5882
171,-56.4,-15.2452,0,-42.7638,73.9861,-71.6452,31.2223,-40.4229
172,-52.4518,-15.6776,0,-42.2913,73.9086,-68.1294,31.6173,-36.5121
173,-59.5503,-16.2545,0,-43.0189,73.5529,-75.8048,30.534,-45.2708
174,-64.8625,-12.9169,0,-42.381,75.081,-77.7794,32.7,-45.0794
175,-66.5224,-14.8029,0,-41.8472,74.1073,-81.3253,32.2601,-49.0652
176,-63.6811,-13.4088,0,-41.5068,75.3529,-77.0899,33.8461,-43.2438
177,-62.3732,-12.4387,0,-41.8613,75.5099,-74.8119,33.6486,-41.1633
178,-63.9442,-14.9666,0,-41.6817,75.2155,-78.9108,33.5338,-45.377
179,-59.2993,-16.142,0,-42.055,72.7448,-75.4413,30.6898,-44.7515
180,-61.0948,-14.9804,0,-41.7384,74.4193,-76.0752,32.6809,-43.3943
181,-55.9041,-15.1905,0,-41.9274,73.922,-71.0946,31.9946,-39.1
182,-56.7754,-15.0476,0,-42.3479,74.3156,-71.823,31.9677,-39.8553
183,-56.001,-16.542,0,-42.4566,72.8399,-72.543,30.3833,-42.1597
184,-56.3905,-16.4279,0,-42.1542,72.4547,-72.8184,30.3005,-42.5179
185,-63.7764,-15.3424,0,-41.6913,73.8207,-79.1188,32.1294,-46.9894
186,-50.4835,-16.7235,0,-41.9984,73.1495,-67.207,31.1511,-36.0559
187,-54.9779,-15.0299,0,-40.4155,76.2847,-70.0078,35.8692,-34.1386
188,-57.8267,-16.1168,0,-42.2062,74.9378,-73.9435,32.7316,-41.2119
189,-60.1743,-14.9069,0,-40.8975,75.0691,-75.0812,34.1716,-40.9096
190,-59.7865,-14.2032,0,-40.9163,75.186,-73.9897,34.2697,-39.72
191,-56.9568,-15.5604,0,-42.244,73.869,-72.5172,31.625,-40.8922
192,-51.9197,-16.8781,0,-41.4645,72.9293,-68.7978,31.4648,-37.333
193,-66.4328,-15.49,0,-42.2677,74.2692,-81.9228,32.0015,-49.9213
194,-59.8942,-15.9623,0,-42.0266,75.1467,-75.8565,33.1201,-42.7364
195,-66.3669,-14.6858,0,-40.7746,75.1307,-81.0527,34.3561,-46.6966
196,-49.1077,-15.6826,0,-42.0597,73.3764,-64.7903,31.3167,-33.4736
197,-50.4305,-15.6337,0,-41.436,75.4445,-66.0642,34.0085,-32.0557
198,-52.7867,-15.5856,0,-41.6392,72.8593,-68.3723,31.2201,-37.1522
199,-61.793,-14.882,0,-40.6329,73.0553,-76.675,32.4224,-44.2526