POISSON BOLTZMANN:,,,,,,,,
Complex Energy Terms,,,,,,,,
Frame #,VDWAALS,EEL,EPB,ENPOLAR,EDISPER,G gas,G solv,TOTAL
0,-3182.1887,-1535.253,0,3375.0842,-2003.2159,-4717.4417,1371.8683,-3345.5734
1,-3171.6481,-1537.8685,0,3372.7453,-2006.9133,-4709.5166,1365.832,-3343.6846
2,-3194.2303,-1539.3534,0,3364.1695,-1992.3846,-4733.5837,1371.7849,-3361.7988
3,-3235.9789,-1533.2856,0,3365.5775,-2000.8428,-4769.2645,1364.7347,-3404.5298
4,-3228.8267,-1531.7936,0,3378.283,-2015.077,-4760.6203,1363.206,-3397.4143
5,-3230.3697,-1537.4443,0,3376.9317,-2016.3353,-4767.814,1360.5964,-3407.2176
6,-3184.1519,-1540.3006,0,3372.4949,-2015.5092,-4724.4525,1356.9857,-3367.4668
7,-3196.3759,-1531.6843,0,3390.535,-2016.4748,-4728.0602,1374.0602,-3354
8,-3182.6882,-1538.1168,0,3385.9848,-2023.4853,-4720.805,1362.4995,-3358.3055
9,-3176.4126,-1538.1068,0,3368.3889,-2013.625,-4714.5194,1354.7639,-3359.7555
10,-3207.1294,-1536.0008,0,3367.132,-2011.0692,-4743.1302,1356.0628,-3387.0674
11,-3199.0314,-1538.1678,0,3360.4225,-1994.227,-4737.1992,1366.1955,-3371.0037
12,-3211.5912,-1537.7436,0,3358.9105,-1988.1037,-4749.3348,1370.8068,-3378.528
13,-3181.5719,-1538.2015,0,3372.5185,-2002.4531,-4719.7734,1370.0654,-3349.708
14,-3222.7334,-1538.0736,0,3356.9922,-1995.6306,-4760.807,1361.3616,-3399.4454
15,-3176.5561,-1541.2605,0,3362.0999,-2001.8295,-4717.8166,1360.2704,-3357.5462
16,-3214.9974,-1534.867,0,3373.5297,-2015.263,-4749.8644,1358.2667,-3391.5977
17,-3228.4462,-1532.4765,0,3362.4685,-1993.5546,-4760.9227,1368.9139,-3392.0088
18,-3153.669,-1536.7612,0,3369.7355,-2003.5214,-4690.4302,1366.2141,-3324.2161
19,-3177.8669,-1541.1905,0,3365.0152,-2011.5106,-4719.0574,1353.5046,-3365.5528
20,-3193.563,-1540.4296,0,3367.2643,-2003.3173,-4733.9926,1363.947,-3370.0456
21,-3210.6768,-1532.6624,0,3363.404,-2010.0205,-4743.3392,1353.3835,-3389.9557
22,-3177.3765,-1535.1522,0,3371.8523,-2021.1939,-4712.5287,1350.6584,-3361.8703
23,-3192.9641,-1534.7144,0,3400.9441,-2042.0833,-4727.6785,1358.8608,-3368.8177
24,-3165.5517,-1535.5428,0,3384.0712,-2037.6782,-4701.0945,1346.393,-3354.7015
25,-3195.6271,-1533.7988,0,3375.4433,-2016.4821,-4729.4259,1358.9612,-3370.4647
26,-3152.7462,-1534.4102,0,3373.6714,-2012.435,-4687.1564,1361.2364,-3325.92
27,-3186.5059,-1531.4718,0,3372.854,-2003.2543,-4717.9777,1369.5997,-3348.378
28,-3200.4089,-1532.2464,0,3362.2133,-2000.585,-4732.6553,1361.6283,-3371.027
29,-3220.7689,-1529.4771,0,3363.4607,-1998.2513,-4750.246,1365.2094,-3385.0366
30,-3170.8893,-1528.6629,0,3378.7981,-2015.4376,-4699.5522,1363.3605,-3336.1917
31,-3199.4311,-1535.0061,0,3369.9765,-2008.3832,-4734.4372,1361.5933,-3372.8439
32,-3174.7737,-1537.7834,0,3383.0694,-2025.1781,-4712.5571,1357.8913,-3354.6658
33,-3167.8364,-1533.8101,0,3380.2061,-2028.5063,-4701.6465,1351.6998,-3349.9467
34,-3191.4288,-1535.1223,0,3378.2688,-2023.0724,-4726.5511,1355.1964,-3371.3547
35,-3193.7887,-1536.2169,0,3391.1492,-2030.5509,-4730.0056,1360.5983,-3369.4073
36,-3168.8302,-1535.0105,0,3398.7328,-2042.2709,-4703.8407,1356.4619,-3347.3788
37,-3116.6008,-1534.1961,0,3392.3777,-2027.8493,-4650.7969,1364.5284,-3286.2685
38,-3183.618,-1534.1165,0,3386.7171,-2016.3931,-4717.7345,1370.324,-3347.4105
39,-3197.5922,-1536.9923,0,3384.5862,-2015.1988,-4734.5845,1369.3874,-3365.1971
40,-3201.5401,-1536.1861,0,3376.6718,-2016.6845,-4737.7262,1359.9873,-3377.7389
41,-3114.939,-1538.2538,0,3385.947,-2027.3898,-4653.1928,1358.5572,-3294.6356
42,-3121.1093,-1543.2701,0,3399.399,-2031.2932,-4664.3794,1368.1058,-3296.2736
43,-3153.9043,-1541.6079,0,3390.4216,-2033.518,-4695.5122,1356.9036,-3338.6086
44,-3152.2626,-1541.3393,0,3392.2123,-2032.4602,-4693.6019,1359.7521,-3333.8498
45,-3178.9276,-1537.9151,0,3386.4667,-2017.9521,-4716.8427,1368.5146,-3348.3281
46,-3145.2114,-1535.545,0,3380.8865,-2016.1706,-4680.7564,1364.7159,-3316.0405
47,-3145.381,-1534.9463,0,3392.028,-2026.1601,-4680.3273,1365.8679,-3314.4594
48,-3202.7407,-1539.3798,0,3381.2692,-2023.8301,-4742.1205,1357.4391,-3384.6814
49,-3179.7781,-1542.5304,0,3371.2191,-2004.4509,-4722.3085,1366.7682,-3355.5403
50,-3194.3724,-1534.8828,0,3382.682,-2011.0437,-4729.2552,1371.6383,-3357.6169
51,-3177.7671,-1539.4688,0,3374.4085,-2019.2441,-4717.2359,1355.1644,-3362.0715
52,-3184.9077,-1536.9146,0,3367.1084,-2011.2344,-4721.8223,1355.874,-3365.9483
53,-3144.7254,-1538.0941,0,3373.5817,-2010.4052,-4682.8195,1363.1765,-3319.643
54,-3148.7131,-1538.8774,0,3395.775,-2038.5257,-4687.5905,1357.2493,-3330.3412
55,-3182.5475,-1535.1525,0,3376.2229,-2010.3984,-4717.7,1365.8245,-3351.8755
56,-3139.4831,-1536.1956,0,3380.5699,-2021.3328,-4675.6787,1359.2371,-3316.4416
57,-3179.3056,-1534.2416,0,3383.5703,-2015.602,-4713.5472,1367.9683,-3345.5789
58,-3187.9848,-1534.2244,0,3393.2282,-2029.3645,-4722.2092,1363.8637,-3358.3455
59,-3179.8598,-1534.1465,0,3397.561,-2023.5266,-4714.0063,1374.0344,-3339.9719
60,-3134.1366,-1530.2307,0,3382.063,-2019.3858,-4664.3673,1362.6772,-3301.6901
61,-3163.5421,-1534.2335,0,3385.276,-2013.1384,-4697.7756,1372.1376,-3325.638
62,-3171.461,-1534.4887,0,3374.177,-2011.6574,-4705.9497,1362.5196,-3343.4301
63,-3167.4992,-1535.3982,0,3392.5006,-2026.3433,-4702.8974,1366.1573,-3336.7401
64,-3182.7246,-1539.8989,0,3373.9975,-2009.8458,-4722.6235,1364.1517,-3358.4718
65,-3194.1291,-1537.8564,0,3386.221,-2018.718,-4731.9855,1367.503,-3364.4825
66,-3154.3542,-1535.7962,0,3373.8226,-2007.1987,-4690.1504,1366.6239,-3323.5265
67,-3183.2785,-1538.8228,0,3371.5783,-2004.1218,-4722.1013,1367.4565,-3354.6448
68,-3175.461,-1534.8284,0,3381.6425,-2002.3731,-4710.2894,1379.2694,-3331.02
69,-3204.638,-1532.6332,0,3383.2632,-2006.0913,-4737.2712,1377.1719,-3360.0993
70,-3184.1388,-1536.0282,0,3385.2855,-2016.3782,-4720.167,1368.9073,-3351.2597
71,-3138.1931,-1534.7439,0,3393.3463,-2023.4848,-4672.937,1369.8615,-3303.0755
72,-3176.0785,-1542.214,0,3379.332,-2022.8871,-4718.2925,1356.4449,-3361.8476
73,-3149.8603,-1534.2975,0,3388.8292,-2030.3758,-4684.1578,1358.4534,-3325.7044
74,-3168.9677,-1534.9631,0,3395.5671,-2027.9144,-4703.9308,1367.6527,-3336.2781
75,-3171.3753,-1538.2906,0,3386.1029,-2033.3727,-4709.6659,1352.7302,-3356.9357
76,-3167.7294,-1535.6353,0,3400.7835,-2034.2127,-4703.3647,1366.5708,-3336.7939
77,-3221.6409,-1531.7457,0,3380.0833,-2015.0665,-4753.3866,1365.0168,-3388.3698
78,-3157.0183,-1536.6639,0,3368.9842,-2006.7384,-4693.6822,1362.2458,-3331.4364
79,-3149.6346,-1536.5327,0,3392.7888,-2034.7026,-4686.1673,1358.0862,-3328.0811
80,-3165.7361,-1533.4312,0,3377.5365,-2025.7909,-4699.1673,1351.7456,-3347.4217
81,-3174.5605,-1530.455,0,3397.5988,-2030.9688,-4705.0155,1366.63,-3338.3855
82,-3190.3807,-1534.4264,0,3380.5274,-2015.5999,-4724.8071,1364.9275,-3359.8796
83,-3143.5823,-1540.3048,0,3370.6899,-2011.7751,-4683.8871,1358.9148,-3324.9723
84,-3161.2445,-1535.4194,0,3372.6934,-2011.8854,-4696.6639,1360.808,-3335.8559
85,-3180.6371,-1532.3951,0,3376.8041,-2013.9566,-4713.0322,1362.8475,-3350.1847
86,-3181.0629,-1537.2505,0,3383.4049,-2019.1255,-4718.3134,1364.2794,-3354.034
87,-3142.6812,-1537.6067,0,3388.4087,-2031.2998,-4680.2879,1357.1089,-3323.179
88,-3181.7956,-1539.1085,0,3376.7899,-2008.1288,-4720.9041,1368.6611,-3352.243
89,-3194.2008,-1539.8283,0,3375.8733,-2008.2301,-4734.0291,1367.6432,-3366.3859
90,-3184.8057,-1534.6907,0,3380.6314,-2015.9838,-4719.4964,1364.6476,-3354.8488
91,-3175.772,-1544.9454,0,3380.5227,-2014.4261,-4720.7174,1366.0966,-3354.6208
92,-3220.6245,-1539.4642,0,3374.8763,-1998.6262,-4760.0887,1376.2501,-3383.8386
93,-3168.1725,-1541.0652,0,3373.3265,-2003.6846,-4709.2377,1369.6419,-3339.5958
94,-3216.3669,-1535.8941,0,3368.8567,-1995.1695,-4752.261,1373.6872,-3378.5738
95,-3201.9559,-1535.6292,0,3372.6839,-1995.7821,-4737.5851,1376.9018,-3360.6833
96,-3198.5892,-1533.0228,0,3367.8313,-1981.944,-4731.612,1385.8873,-3345.7247
97,-3224.8685,-1536.8496,0,3363.5883,-1987.0426,-4761.7181,1376.5457,-3385.1724
98,-3203.3109,-1538.8096,0,3346.4696,-1977.062,-4742.1205,1369.4076,-3372.7129
99,-3144.5117,-1535.3948,0,3368.8614,-1993.8693,-4679.9065,1374.9921,-3304.9144
100,-3213.7648,-1536.827,0,3345.0474,-1975.496,-4750.5918,1369.5514,-3381.0404
101,-3183.1649,-1534.7811,0,3358.6459,-1991.1555,-4717.946,1367.4904,-3350.4556
102,-3219.4374,-1532.8583,0,3365.5114,-1998.4799,-4752.2957,1367.0315,-3385.2642
103,-3210.4681,-1535.8059,0,3340.5114,-1968.1833,-4746.274,1372.3281,-3373.9459
104,-3190.4418,-1535.0474,0,3361.8967,-1981.279,-4725.4892,1380.6177,-3344.8715
105,-3174.6964,-1541.0502,0,3361.2778,-1986.1537,-4715.7466,1375.1241,-3340.6225
106,-3198.3369,-1533.6728,0,3359.4255,-1973.5499,-4732.0097,1385.8756,-3346.1341
107,-3218.6402,-1536.8763,0,3360.9517,-1985.9637,-4755.5165,1374.988,-3380.5285
108,-3191.446,-1534.6789,0,3367.099,-1992.2698,-4726.1249,1374.8292,-3351.2957
109,-3183.6406,-1541.3062,0,3352.4325,-1983.2019,-4724.9468,1369.2306,-3355.7162
110,-3215.3368,-1537.2401,0,3356.9686,-1982.6705,-4752.5769,1374.2981,-3378.2788
111,-3201.4284,-1544.2586,0,3355.2628,-1980.6424,-4745.687,1374.6204,-3371.0666
112,-3188.5177,-1535.1393,0,3354.1572,-1975.2208,-4723.657,1378.9364,-3344.7206
113,-3208.687,-1537.5197,0,3336.6605,-1970.2627,-4746.2067,1366.3978,-3379.8089
114,-3223.396,-1535.6252,0,3363.6355,-1993.5425,-4759.0212,1370.093,-3388.9282
115,-3174.0102,-1537.4454,0,3348.01,-1977.7618,-4711.4556,1370.2482,-3341.2074
116,-3241.9746,-1533.5506,0,3353.146,-1974.5384,-4775.5252,1378.6076,-3396.9176
117,-3174.4239,-1531.563,0,3359.9217,-1984.4996,-4705.9869,1375.4221,-3330.5648
118,-3228.1578,-1534.1485,0,3358.9105,-1976.3572,-4762.3063,1382.5533,-3379.753
119,-3217.1882,-1538.4412,0,3353.2027,-1976.1071,-4755.6294,1377.0956,-3378.5338
120,-3200.1309,-1534.2416,0,3359.2933,-1976.316,-4734.3725,1382.9773,-3351.3952
121,-3203.4219,-1528.7007,0,3366.2343,-1977.2733,-4732.1226,1388.961,-3343.1616
122,-3170.7936,-1540.0691,0,3347.4335,-1969.025,-4710.8627,1378.4085,-3332.4542
123,-3203.9152,-1532.3165,0,3366.2343,-1980.7521,-4736.2317,1385.4822,-3350.7495
124,-3157.1293,-1532.5359,0,3369.0457,-1982.4335,-4689.6652,1386.6122,-3303.053
125,-3250.9335,-1533.364,0,3360.0303,-1989.9883,-4784.2975,1370.042,-3414.2555
126,-3186.2529,-1533.29,0,3367.2691,-1992.3454,-4719.5429,1374.9237,-3344.6192
127,-3218.172,-1535.7619,0,3361.3297,-1982.2766,-4753.9339,1379.0531,-3374.8808
128,-3210.3139,-1533.8586,0,3382.7245,-1989.4238,-4744.1725,1393.3007,-3350.8718
129,-3220.3707,-1533.4181,0,3362.133,-1982.4988,-4753.7888,1379.6342,-3374.1546
130,-3218.1437,-1536.411,0,3350.878,-1977.1317,-4754.5547,1373.7463,-3380.8084
131,-3213.3799,-1537.4151,0,3358.8538,-1991.2,-4750.795,1367.6538,-3383.1412
132,-3199.1627,-1539.0198,0,3350.2685,-1973.647,-4738.1825,1376.6215,-3361.561
133,-3175.2826,-1541.4851,0,3365.9933,-1984.3448,-4716.7677,1381.6485,-3335.1192
134,-3189.9866,-1538.0841,0,3350.5284,-1954.7029,-4728.0707,1395.8255,-3332.2452
135,-3191.0045,-1538.2478,0,3356.085,-1975.2618,-4729.2523,1380.8232,-3348.4291
136,-3212.8026,-1537.8084,0,3362.6291,-1977.4551,-4750.611,1385.174,-3365.437
137,-3230.8227,-1536.156,0,3342.9731,-1964.2227,-4766.9787,1378.7504,-3388.2283
138,-3174.2931,-1533.9827,0,3347.1453,-1962.2954,-4708.2758,1384.8499,-3323.4259
139,-3182.4845,-1535.5964,0,3353.6989,-1969.3907,-4718.0809,1384.3082,-3333.7727
140,-3198.0407,-1541.161,0,3357.7576,-1980.9349,-4739.2017,1376.8227,-3362.379
141,-3192.0119,-1542.0166,0,3360.6871,-1968.5171,-4734.0285,1392.17,-3341.8585
142,-3189.6413,-1538.5587,0,3370.0804,-1988.7804,-4728.2,1381.3,-3346.9
143,-3195.8292,-1536.8343,0,3359.4823,-1978.1845,-4732.6635,1381.2978,-3351.3657
144,-3202.5698,-1529.3663,0,3368.0014,-1987.8643,-4731.9361,1380.1371,-3351.799
145,-3208.6857,-1534.8192,0,3365.7807,-1979.6532,-4743.5049,1386.1275,-3357.3774
146,-3217.4182,-1530.5139,0,3365.7901,-1993.5179,-4747.9321,1372.2722,-3375.6599
147,-3239.8849,-1536.4807,0,3354.2186,-1980.0005,-4776.3656,1374.2181,-3402.1475
148,-3236.9652,-1534.3656,0,3342.2785,-1958.5224,-4771.3308,1383.7561,-3387.5747
149,-3240.2501,-1530.8689,0,3356.3685,-1982.035,-4771.119,1374.3335,-3396.7855
150,-3188.3844,-1533.9944,0,3370.1513,-1991.9613,-4722.3788,1378.19,-3344.1888
151,-3231.6971,-1528.7067,0,3353.3587,-1967.7726,-4760.4038,1385.5861,-3374.8177
152,-3221.8501,-1536.1527,0,3361.4573,-1972.9588,-4758.0028,1388.4985,-3369.5043
153,-3204.5047,-1531.1165,0,3364.4293,-1975.7807,-4735.6212,1388.6486,-3346.9726
154,-3241.9243,-1532.8608,0,3357.5356,-1977.6846,-4774.7851,1379.851,-3394.9341
155,-3229.7594,-1530.1854,0,3354.7903,-1983.9057,-4759.9448,1370.8846,-3389.0602
156,-3235.5459,-1534.2356,0,3348.4966,-1964.5034,-4769.7815,1383.9932,-3385.7883
157,-3197.8472,-1536.1181,0,3350.3252,-1971.4347,-4733.9653,1378.8905,-3355.0748
158,-3165.6867,-1534.6875,0,3368.3133,-1991.1393,-4700.3742,1377.174,-3323.2002
159,-3207.0371,-1534.339,0,3363.0213,-1983.1406,-4741.3761,1379.8807,-3361.4954
160,-3226.9058,-1533.7949,0,3361.8589,-1976.9959,-4760.7007,1384.863,-3375.8377
161,-3194.1517,-1534.4664,0,3361.0462,-1982.7998,-4728.6181,1378.2464,-3350.3717
162,-3232.7458,-1535.3718,0,3353.1224,-1972.4906,-4768.1176,1380.6318,-3387.4858
163,-3211.6669,-1532.4576,0,3375.0417,-1986.493,-4744.1245,1388.5487,-3355.5758
164,-3151.4011,-1532.6718,0,3370.5151,-1990.5303,-4684.0729,1379.9848,-3304.0881
165,-3202.4489,-1535.4952,0,3378.2358,-2009.5059,-4737.9441,1368.7299,-3369.2142
166,-3156.914,-1541.9208,0,3383.5798,-2010.0499,-4698.8348,1373.5299,-3325.3049
167,-3185.3604,-1536.403,0,3374.8999,-2009.8753,-4721.7634,1365.0246,-3356.7388
168,-3149.8289,-1538.6139,0,3392.7935,-2026.0145,-4688.4428,1366.779,-3321.6638
169,-3188.4827,-1537.5841,0,3368.7858,-2000.6179,-4726.0668,1368.1679,-3357.8989
170,-3170.9497,-1537.2581,0,3389.6089,-2020.1869,-4708.2078,1369.422,-3338.7858
171,-3171.898,-1543.2977,0,3374.8621,-2010.9061,-4715.1957,1363.956,-3351.2397
172,-3154.7509,-1533.52,0,3381.0188,-2015.4919,-4688.2709,1365.5269,-3322.744
173,-3231.0404,-1532.6107,0,3366.343,-2001.3099,-4763.6511,1365.0331,-3398.618
174,-3191.644,-1532.1582,0,3383.249,-2018.8134,-4723.8022,1364.4356,-3359.3666
175,-3185.707,-1530.376,0,3390.9744,-2028.0036,-4716.083,1362.9708,-3353.1122
176,-3223.6376,-1537.0073,0,3372.3862,-2005.6549,-4760.6449,1366.7313,-3393.9136
177,-3224.4594,-1534.0406,0,3369.3906,-2002.2836,-4758.5,1367.107,-3391.393
178,-3218.5492,-1535.2099,0,3358.0411,-1992.144,-4753.7591,1365.8971,-3387.862
179,-3205.4381,-1536.6037,0,3378.8311,-2011.1316,-4742.0418,1367.6995,-3374.3423
180,-3195.8014,-1538.0568,0,3368.6865,-1994.0255,-4733.8582,1374.661,-3359.1972
181,-3170.1605,-1538.1176,0,3376.445,-2003.7476,-4708.2781,1372.6974,-3335.5807
182,-3209.1614,-1536.03,0,3374.6779,-1996.9337,-4745.1914,1377.7442,-3367.4472
183,-3218.88,-1533.3941,0,3381.4677,-2001.4092,-4752.2741,1380.0585,-3372.2156
184,-3177.8149,-1537.9664,0,3382.1575,-2014.2739,-4715.7813,1367.8836,-3347.8977
185,-3186.4408,-1533.0114,0,3389.7648,-2017.3595,-4719.4522,1372.4053,-3347.0469
186,-3135.3196,-1531.8559,0,3403.765,-2029.1696,-4667.1755,1374.5954,-3292.5801
187,-3177.7337,-1533.844,0,3382.0158,-2011.0736,-4711.5777,1370.9422,-3340.6355
188,-3178.6088,-1535.3676,0,3374.6731,-2011.3179,-4713.9764,1363.3552,-3350.6212
189,-3147.6793,-1531.0155,0,3391.4422,-2021.5846,-4678.6948,1369.8576,-3308.8372
190,-3184.7103,-1534.0207,0,3396.2711,-2034.6488,-4718.731,1361.6223,-3357.1087
191,-3193.3235,-1537.8358,0,3387.2322,-2024.166,-4731.1593,1363.0662,-3368.0931
192,-3186.9785,-1532.4009,0,3376.6104,-2013.3548,-4719.3794,1363.2556,-3356.1238
193,-3164.5127,-1537.9412,0,3366.4327,-2001.7898,-4702.4539,1364.6429,-3337.811
194,-3193.1307,-1535.9141,0,3379.2753,-2018.6196,-4729.0448,1360.6557,-3368.3891
195,-3193.7821,-1534.1979,0,3371.2522,-2013.6083,-4727.98,1357.6439,-3370.3361
196,-3159.1403,-1535.8918,0,3381.8126,-2026.052,-4695.0321,1355.7606,-3339.2715
197,-3189.6744,-1535.7323,0,3389.59,-2025.07,-4725.4067,1364.52,-3360.8867
198,-3193.5704,-1532.6937,0,3387.0526,-2023.6463,-4726.2641,1363.4063,-3362.8578
199,-3141.2043,-1535.8,0,3392.132,-2034.9797,-4677.0043,1357.1523,-3319.852
,,,,,,,,
Receptor Energy Terms,,,,,,,,
Frame #,VDWAALS,EEL,EPB,ENPOLAR,EDISPER,G gas,G solv,TOTAL
0,-3113.8611,-1545.0899,0,3365.4216,-2021.9314,-4658.951,1343.4902,-3315.4608
1,-3098.3076,-1547.6535,0,3361.9345,-2026.0531,-4645.9611,1335.8814,-3310.0797
2,-3125.5004,-1549.0998,0,3354.4596,-2010.3927,-4674.6002,1344.0669,-3330.5333
3,-3166.7358,-1543.0428,0,3355.2203,-2020.2553,-4709.7786,1334.965,-3374.8136
4,-3155.9799,-1541.7489,0,3369.2394,-2034.2996,-4697.7288,1334.9398,-3362.789
5,-3157.0091,-1547.0097,0,3366.2721,-2035.6323,-4704.0188,1330.6398,-3373.379
6,-3121.3418,-1550.1426,0,3362.8701,-2034.2044,-4671.4844,1328.6657,-3342.8187
7,-3127.7337,-1541.6023,0,3380.8582,-2035.1815,-4669.336,1345.6767,-3323.6593
8,-3119.1593,-1547.59,0,3375.7788,-2042.7435,-4666.7493,1333.0353,-3333.714
9,-3102.4303,-1547.6278,0,3357.7907,-2033.0774,-4650.0581,1324.7133,-3325.3448
10,-3136.5363,-1545.7617,0,3357.1528,-2030.4496,-4682.298,1326.7032,-3355.5948
11,-3128.4483,-1548.0552,0,3350.8166,-2015.3632,-4676.5035,1335.4534,-3341.0501
12,-3141.4686,-1547.7223,0,3348.6195,-2007.973,-4689.1909,1340.6465,-3348.5444
13,-3113.3268,-1547.611,0,3362.2039,-2021.4716,-4660.9378,1340.7323,-3320.2055
14,-3153.9058,-1548.0415,0,3346.961,-2015.4843,-4701.9473,1331.4767,-3370.4706
15,-3105.6829,-1551.4348,0,3353.1508,-2023.1744,-4657.1177,1329.9764,-3327.1413
16,-3144.4148,-1544.9741,0,3363.8104,-2035.9191,-4689.3889,1327.8913,-3361.4976
17,-3158.0271,-1542.4225,0,3350.7363,-2014.9249,-4700.4496,1335.8114,-3364.6382
18,-3085.3033,-1546.6248,0,3358.9436,-2023.8416,-4631.9281,1335.102,-3296.8261
19,-3110.4735,-1551.5533,0,3352.9381,-2030.1631,-4662.0268,1322.775,-3339.2518
20,-3123.0178,-1550.5136,0,3357.4836,-2022.3147,-4673.5314,1335.1689,-3338.3625
21,-3141.9909,-1542.5465,0,3352.3947,-2031.2205,-4684.5374,1321.1742,-3363.3632
22,-3114.3942,-1545.284,0,3360.7391,-2041.3588,-4659.6782,1319.3803,-3340.2979
23,-3122.8122,-1545.0383,0,3390.3932,-2062.7211,-4667.8505,1327.6721,-3340.1784
24,-3095.0876,-1546.0529,0,3374.2337,-2058.7631,-4641.1405,1315.4706,-3325.6699
25,-3126.206,-1543.9334,0,3366.0169,-2038.8925,-4670.1394,1327.1244,-3343.015
26,-3084.4383,-1545.0812,0,3364.0939,-2032.5145,-4629.5195,1331.5794,-3297.9401
27,-3115.0946,-1541.8084,0,3362.3173,-2024.5296,-4656.903,1337.7877,-3319.1153
28,-3132.9822,-1542.7256,0,3351.8183,-2022.4498,-4675.7078,1329.3685,-3346.3393
29,-3152.549,-1539.7501,0,3353.7414,-2019.059,-4692.2991,1334.6824,-3357.6167
30,-3110.2677,-1538.394,0,3368.044,-2035.2342,-4648.6617,1332.8098,-3315.8519
31,-3133.2822,-1545.7047,0,3359.8177,-2029.8605,-4678.9869,1329.9572,-3349.0297
32,-3105.8779,-1548.1515,0,3371.9893,-2047.339,-4654.0294,1324.6503,-3329.3791
33,-3102.0582,-1544.226,0,3369.7969,-2049.1587,-4646.2842,1320.6382,-3325.646
34,-3122.6663,-1544.957,0,3367.9778,-2041.5534,-4667.6233,1326.4244,-3341.1989
35,-3124.9179,-1546.5209,0,3379.9935,-2050.6698,-4671.4388,1329.3237,-3342.1151
36,-3101.3296,-1545.318,0,3387.133,-2062.122,-4646.6476,1325.011,-3321.6366
37,-3048.283,-1544.3444,0,3383.1829,-2046.9574,-4592.6274,1336.2255,-3256.4019
38,-3113.8034,-1544.1578,0,3377.9476,-2037.8052,-4657.9612,1340.1424,-3317.8188
39,-3133.5413,-1546.9291,0,3375.4338,-2036.6495,-4680.4704,1338.7843,-3341.6861
40,-3127.8657,-1546.2069,0,3367.4061,-2036.6389,-4674.0726,1330.7672,-3343.3054
41,-3041.5684,-1548.4544,0,3376.1332,-2047.5957,-4590.0228,1328.5375,-3261.4853
42,-3057.0202,-1552.9346,0,3388.8481,-2050.9831,-4609.9548,1337.865,-3272.0898
43,-3084.959,-1551.6327,0,3380.2533,-2054.121,-4636.5917,1326.1323,-3310.4594
44,-3085.2772,-1551.1979,0,3383.0175,-2051.4902,-4636.4751,1331.5273,-3304.9478
45,-3107.9957,-1548.15,0,3376.0434,-2038.0037,-4656.1457,1338.0397,-3318.106
46,-3075.9954,-1545.6855,0,3370.5482,-2033.3299,-4621.6809,1337.2183,-3284.4626
47,-3078.0312,-1545.0741,0,3380.7306,-2045.3074,-4623.1053,1335.4232,-3287.6821
48,-3131.1095,-1549.9461,0,3370.26,-2042.339,-4681.0556,1327.921,-3353.1346
49,-3108.3423,-1552.9412,0,3360.9612,-2025.0211,-4661.2835,1335.9401,-3325.3434
50,-3123.9399,-1544.9404,0,3371.8854,-2029.8188,-4668.8803,1342.0666,-3326.8137
51,-3108.2728,-1550.1292,0,3363.0496,-2036.8444,-4658.402,1326.2052,-3332.1968
52,-3118.2831,-1547.2388,0,3357.2568,-2030.7712,-4665.5219,1326.4856,-3339.0363
53,-3074.1596,-1548.6268,0,3363.2812,-2029.1649,-4622.7864,1334.1163,-3288.6701
54,-3081.7659,-1549.2301,0,3384.7185,-2058.8067,-4630.996,1325.9118,-3305.0842
55,-3114.9429,-1545.511,0,3366.6737,-2030.4044,-4660.4539,1336.2693,-3324.1846
56,-3070.4852,-1546.5265,0,3369.3481,-2040.5779,-4617.0117,1328.7702,-3288.2415
57,-3111.4723,-1544.5564,0,3373.147,-2034.0755,-4656.0287,1339.0715,-3316.9572
58,-3119.6208,-1544.3537,0,3381.0755,-2048.5757,-4663.9745,1332.4998,-3331.4747
59,-3111.6639,-1544.7206,0,3388.4749,-2043.4427,-4656.3845,1345.0322,-3311.3523
60,-3072.3067,-1539.9979,0,3371.6019,-2039.2107,-4612.3046,1332.3912,-3279.9134
61,-3100.0942,-1544.4613,0,3372.4666,-2032.4358,-4644.5555,1340.0308,-3304.5247
62,-3102.3725,-1544.7817,0,3363.1063,-2030.8889,-4647.1542,1332.2174,-3314.9368
63,-3102.4016,-1545.2673,0,3382.5922,-2046.8514,-4647.6689,1335.7408,-3311.9281
64,-3117.9663,-1549.691,0,3364.1506,-2029.6963,-4667.6573,1334.4543,-3333.203
65,-3123.7726,-1548.0245,0,3375.4291,-2040.1529,-4671.7971,1335.2762,-3336.5209
66,-3084.607,-1545.4808,0,3364.9869,-2027.6853,-4630.0878,1337.3016,-3292.7862
67,-3112.3831,-1548.6711,0,3361.9062,-2023.7314,-4661.0542,1338.1748,-3322.8794
68,-3103.4371,-1544.5959,0,3372.3673,-2022.8134,-4648.033,1349.5539,-3298.4791
69,-3130.0009,-1542.5357,0,3373.9077,-2027.2337,-4672.5366,1346.674,-3325.8626
70,-3110.282,-1546.1015,0,3375.2496,-2036.6249,-4656.3835,1338.6247,-3317.7588
71,-3071.2503,-1544.4232,0,3383.0505,-2043.3322,-4615.6735,1339.7183,-3275.9552
72,-3107.8116,-1551.9662,0,3367.9164,-2042.6785,-4659.7778,1325.2379,-3334.5399
73,-3080.5417,-1544.5039,0,3377.9617,-2050.5827,-4625.0456,1327.379,-3297.6666
74,-3101.9412,-1545.1068,0,3384.9311,-2047.412,-4647.048,1337.5191,-3309.5289
75,-3101.2034,-1548.3492,0,3375.2496,-2054.2801,-4649.5526,1320.9695,-3328.5831
76,-3099.5903,-1545.7889,0,3390.2893,-2056.4273,-4645.3792,1333.862,-3311.5172
77,-3151.955,-1541.8458,0,3370.775,-2036.6557,-4693.8008,1334.1193,-3359.6815
78,-3088.8386,-1546.1225,0,3360.0209,-2027.0315,-4634.9611,1332.9894,-3301.9717
79,-3081.5121,-1546.5756,0,3382.8994,-2055.1654,-4628.0877,1327.734,-3300.3537
80,-3099.4327,-1543.5238,0,3367.4155,-2047.4983,-4642.9565,1319.9172,-3323.0393
81,-3104.1502,-1540.5868,0,3388.026,-2052.3806,-4644.737,1335.6454,-3309.0916
82,-3119.3416,-1544.4603,0,3371.9374,-2036.2815,-4663.8019,1335.6559,-3328.146
83,-3077.0142,-1549.806,0,3361.0557,-2032.4917,-4626.8202,1328.564,-3298.2562
84,-3090.7343,-1545.3823,0,3363.5741,-2031.9493,-4636.1166,1331.6248,-3304.4918
85,-3115.8084,-1542.2804,0,3366.5461,-2034.696,-4658.0888,1331.8501,-3326.2387
86,-3114.8207,-1547.1029,0,3374.04,-2039.3151,-4661.9236,1334.7249,-3327.1987
87,-3082.1559,-1547.1577,0,3378.3775,-2050.6269,-4629.3136,1327.7506,-3301.563
88,-3113.3921,-1548.905,0,3366.995,-2027.6166,-4662.2971,1339.3784,-3322.9187
89,-3128.5003,-1549.8857,0,3365.4877,-2029.1104,-4678.386,1336.3773,-3342.0087
90,-3119.9575,-1544.2366,0,3369.9434,-2034.787,-4664.1941,1335.1564,-3329.0377
91,-3113.0953,-1554.2131,0,3370.9876,-2032.7118,-4667.3084,1338.2758,-3329.0326
92,-3146.4952,-1549.4467,0,3366.0878,-2018.6638,-4695.9419,1347.424,-3348.5179
93,-3101.6155,-1551.0105,0,3362.4732,-2025.844,-4652.626,1336.6292,-3315.9968
94,-3149.8789,-1546.345,0,3359.1373,-2015.7104,-4696.2239,1343.4269,-3352.797
95,-3130.2442,-1545.32,0,3362.8465,-2016.2404,-4675.5642,1346.6061,-3328.9581
96,-3127.3485,-1543.1217,0,3358.2632,-2002.0778,-4670.4702,1356.1854,-3314.2848
97,-3155.0823,-1546.8808,0,3353.1838,-2006.3233,-4701.9631,1346.8605,-3355.1026
98,-3135.7562,-1548.946,0,3336.6699,-1996.9512,-4684.7022,1339.7187,-3344.9835
99,-3077.0663,-1545.6368,0,3359.9311,-2016.4212,-4622.7031,1343.5099,-3279.1932
100,-3142.6104,-1546.8029,0,3337.2984,-1997.054,-4689.4133,1340.2444,-3349.1689
101,-3109.0428,-1544.8347,0,3349.8763,-2013.091,-4653.8775,1336.7853,-3317.0922
102,-3150.8886,-1543.0696,0,3354.0627,-2018.4602,-4693.9582,1335.6025,-3358.3557
103,-3136.2258,-1545.9695,0,3331.1984,-1989.4471,-4682.1953,1341.7513,-3340.444
104,-3122.1896,-1545.5139,0,3352.7302,-2001.1908,-4667.7035,1351.5394,-3316.1641
105,-3108.1006,-1550.8153,0,3352.4704,-2007.5801,-4658.9159,1344.8903,-3314.0256
106,-3131.4624,-1543.7358,0,3350.0559,-1993.8555,-4675.1982,1356.2004,-3318.9978
107,-3153.1564,-1546.8776,0,3350.2165,-2007.02,-4700.034,1343.1965,-3356.8375
108,-3122.5888,-1544.2524,0,3357.1434,-2013.9953,-4666.8412,1343.1481,-3323.6931
109,-3114.7513,-1551.0639,0,3343.7386,-2003.5596,-4665.8152,1340.179,-3325.6362
110,-3144.5609,-1546.9427,0,3347.1642,-2002.2699,-4691.5036,1344.8943,-3346.6093
111,-3132.6804,-1553.9125,0,3345.1466,-2001.3044,-4686.5929,1343.8422,-3342.7507
112,-3126.9448,-1545.342,0,3343.9559,-1996.173,-4672.2868,1347.7829,-3324.5039
113,-3138.6468,-1548.0394,0,3326.0907,-1991.5852,-4686.6862,1334.5055,-3352.1807
114,-3155.7329,-1545.9072,0,3354.4927,-2013.9618,-4701.6401,1340.5309,-3361.1092
115,-3106.4443,-1547.184,0,3337.5015,-1998.3953,-4653.6283,1339.1062,-3314.5221
116,-3174.3731,-1543.757,0,3344.4615,-1994.838,-4718.1301,1349.6235,-3368.5066
117,-3101.7664,-1541.6464,0,3349.1534,-2007.1353,-4643.4128,1342.0181,-3301.3947
118,-3165.4727,-1544.086,0,3347.9769,-1998.1441,-4709.5587,1349.8328,-3359.7259
119,-3141.1801,-1548.8448,0,3344.2016,-1996.9256,-4690.0249,1347.276,-3342.7489
120,-3133.2666,-1543.7258,0,3349.8999,-1996.7591,-4676.9924,1353.1408,-3323.8516
121,-3131.2291,-1539.0325,0,3356.9922,-1998.4877,-4670.2616,1358.5045,-3311.7571
122,-3105.074,-1549.6769,0,3336.5424,-1988.8462,-4654.7509,1347.6962,-3307.0547
123,-3133.467,-1542.36,0,3357.7576,-2000.9248,-4675.827,1356.8328,-3318.9942
124,-3088.6727,-1542.4434,0,3358.8869,-2003.7972,-4631.1161,1355.0897,-3276.0264
125,-3183.239,-1543.445,0,3350.0653,-2010.8044,-4726.684,1339.2609,-3387.4231
126,-3119.3589,-1542.996,0,3356.6142,-2013.5826,-4662.3549,1343.0316,-3319.3233
127,-3149.3405,-1546.261,0,3353.1319,-2003.6475,-4695.6015,1349.4844,-3346.1171
128,-3138.8986,-1544.0904,0,3372.2114,-2011.8035,-4682.989,1360.4079,-3322.5811
129,-3148.4173,-1543.3055,0,3352.5649,-2003.604,-4691.7228,1348.9609,-3342.7619
130,-3150.1989,-1546.5554,0,3341.0737,-1997.9092,-4696.7543,1343.1645,-3353.5898
131,-3141.262,-1547.494,0,3348.5533,-2011.9901,-4688.756,1336.5632,-3352.1928
132,-3129.2136,-1548.8631,0,3340.7571,-1994.5787,-4678.0767,1346.1784,-3331.8983
133,-3105.5426,-1551.3173,0,3357.2095,-2004.8749,-4656.8599,1352.3346,-3304.5253
134,-3121.9195,-1548.2822,0,3340.724,-1977.845,-4670.2017,1362.879,-3307.3227
135,-3124.8552,-1548.1887,0,3345.9215,-1994.0175,-4673.0439,1351.904,-3321.1399
136,-3139.6194,-1547.9264,0,3353.1177,-1999.1745,-4687.5458,1353.9432,-3333.6026
137,-3159.158,-1546.1609,0,3334.676,-1983.7186,-4705.3189,1350.9574,-3354.3615
138,-3111.2,-1543.7968,0,3337.993,-1983.034,-4654.9968,1354.959,-3300.0378
139,-3110.2877,-1545.73,0,3344.608,-1990.8773,-4656.0177,1353.7307,-3302.287
140,-3125.3593,-1551.0953,0,3349.5172,-2002.7824,-4676.4546,1346.7348,-3329.7198
141,-3123.2496,-1551.9562,0,3351.1332,-1990.0393,-4675.2058,1361.0939,-3314.1119
142,-3117.5895,-1548.6683,0,3360.8903,-2008.6883,-4666.2578,1352.202,-3314.0558
143,-3122.6722,-1546.6739,0,3350.6276,-1998.1885,-4669.3461,1352.4391,-3316.907
144,-3129.9193,-1539.5161,0,3359.0428,-2008.6965,-4669.4354,1350.3463,-3319.0891
145,-3137.5184,-1544.9346,0,3355.896,-2000.8827,-4682.453,1355.0133,-3327.4397
146,-3150.2875,-1541.0645,0,3356.1275,-2015.1218,-4691.352,1341.0057,-3350.3463
147,-3172.6832,-1546.3387,0,3345.6474,-2001.7447,-4719.0219,1343.9027,-3375.1192
148,-3164.2469,-1544.4985,0,3333.2821,-1979.4671,-4708.7454,1353.815,-3354.9304
149,-3168.2534,-1540.6129,0,3346.9894,-2002.0032,-4708.8663,1344.9862,-3363.8801
150,-3119.6783,-1543.9747,0,3359.4114,-2013.3061,-4663.653,1346.1053,-3317.5477
151,-3162.795,-1539.0814,0,3344.0362,-1988.1765,-4701.8764,1355.8597,-3346.0167
152,-3153.024,-1546.094,0,3351.6151,-1993.7913,-4699.118,1357.8238,-3341.2942
153,-3137.0444,-1541.443,0,3354.4218,-1995.8765,-4678.4874,1358.5453,-3319.9421
154,-3172.0754,-1543.4035,0,3347.717,-1998.8127,-4715.4789,1348.9043,-3366.5746
155,-3161.4226,-1540.3143,0,3345.1277,-2004.6458,-4701.7369,1340.4819,-3361.255
156,-3162.1226,-1544.7276,0,3339.3774,-1985.6011,-4706.8502,1353.7763,-3353.0739
157,-3128.343,-1546.0338,0,3340.2846,-1993.0971,-4674.3768,1347.1875,-3327.1893
158,-3095.5192,-1544.84,0,3358.8963,-2012.6798,-4640.3592,1346.2165,-3294.1427
159,-3143.8863,-1544.4271,0,3351.6104,-2003.5253,-4688.3134,1348.0851,-3340.2283
160,-3155.6452,-1543.7324,0,3350.6323,-1997.9151,-4699.3776,1352.7172,-3346.6604
161,-3125.6978,-1544.5053,0,3350.0937,-2002.2821,-4670.2031,1347.8116,-3322.3915
162,-3166.5965,-1545.5812,0,3341.6643,-1995.4764,-4712.1777,1346.1879,-3365.9898
163,-3142.5155,-1542.3963,0,3364.9113,-2007.4416,-4684.9118,1357.4697,-3327.4421
164,-3078.284,-1542.7831,0,3362.0857,-2010.2651,-4621.0671,1351.8206,-3269.2465
165,-3131.6464,-1545.2572,0,3368.1715,-2029.8847,-4676.9036,1338.2868,-3338.6168
166,-3085.1567,-1552.0262,0,3375.2638,-2031.4073,-4637.1829,1343.8565,-3293.3264
167,-3112.6067,-1546.401,0,3366.3997,-2030.4555,-4659.0077,1335.9442,-3323.0635
168,-3078.1544,-1549.1084,0,3383.1262,-2047.3333,-4627.2628,1335.7929,-3291.4699
169,-3123.6774,-1547.6819,0,3358.8349,-2020.3353,-4671.3593,1338.4996,-3332.8597
170,-3102.2155,-1547.5325,0,3378.4153,-2040.2541,-4649.748,1338.1612,-3311.5868
171,-3105.4733,-1553.0916,0,3363.8718,-2031.6954,-4658.5649,1332.1764,-3326.3885
172,-3089.43,-1543.5541,0,3370.6569,-2035.004,-4632.9841,1335.6529,-3297.3312
173,-3162.9309,-1542.6463,0,3355.7731,-2023.2447,-4705.5772,1332.5284,-3373.0488
174,-3124.896,-1542.3173,0,3373.5344,-2040.7522,-4667.2133,1332.7822,-3334.4311
175,-3115.3478,-1540.6331,0,3382.1906,-2049.8123,-4655.9809,1332.3783,-3323.6026
176,-3151.3142,-1546.814,0,3362.6953,-2026.8626,-4698.1282,1335.8327,-3362.2955
177,-3148.6395,-1543.8343,0,3360.6399,-2023.4109,-4692.4738,1337.229,-3355.2448
178,-3142.5283,-1545.4528,0,3348.9739,-2014.0078,-4687.9811,1334.9661,-3353.015
179,-3136.0744,-1546.519,0,3370.1135,-2031.106,-4682.5934,1339.0075,-3343.5859
180,-3124.6014,-1547.8391,0,3359.4066,-2014.8937,-4672.4405,1344.5129,-3327.9276
181,-3099.8462,-1548.2896,0,3368.266,-2023.7361,-4648.1358,1344.5299,-3303.6059
182,-3139.9353,-1546.2552,0,3365.6767,-2016.4066,-4686.1905,1349.2701,-3336.9204
183,-3146.5022,-1543.3551,0,3372.991,-2022.6062,-4689.8573,1350.3848,-3339.4725
184,-3105.0197,-1548.0019,0,3373.1753,-2035.8903,-4653.0216,1337.285,-3315.7366
185,-3114.2812,-1542.7532,0,3380.088,-2037.026,-4657.0344,1343.062,-3313.9724
186,-3062.5406,-1542.0652,0,3394.5418,-2049.3826,-4604.6058,1345.1592,-3259.4466
187,-3108.7306,-1543.7607,0,3372.8446,-2032.0896,-4652.4913,1340.755,-3311.7363
188,-3107.4829,-1544.9874,0,3365.0294,-2030.8083,-4652.4703,1334.2211,-3318.2492
189,-3078.5902,-1541.1647,0,3382.6395,-2042.6791,-4619.7549,1339.9604,-3279.7945
190,-3113.1245,-1544.1598,0,3386.7266,-2055.0829,-4657.2843,1331.6437,-3325.6406
191,-3122.4733,-1547.6371,0,3376.8419,-2045.7147,-4670.1104,1331.1272,-3338.9832
192,-3117.6041,-1542.1807,0,3367.2785,-2034.6072,-4659.7848,1332.6713,-3327.1135
193,-3093.8825,-1547.9267,0,3357.4458,-2023.5971,-4641.8092,1333.8487,-3307.9605
194,-3124.6009,-1546.2408,0,3369.5182,-2040.2904,-4670.8417,1329.2278,-3341.6139
195,-3118.0274,-1544.206,0,3361.6085,-2034.0486,-4662.2334,1327.5599,-3334.6735
196,-3092.2419,-1545.9743,0,3369.9198,-2046.7869,-4638.2162,1323.1329,-3315.0833
197,-3124.0707,-1545.8353,0,3378.4201,-2044.7632,-4669.906,1333.6569,-3336.2491
198,-3122.9034,-1542.7309,0,3377.3144,-2043.449,-4665.6343,1333.8654,-3331.7689
199,-3073.3789,-1545.9159,0,3381.6,-2055.5991,-4619.2948,1326.0009,-3293.2939
,,,,,,,,
Ligand Energy Terms,,,,,,,,
Frame #,VDWAALS,EEL,EPB,ENPOLAR,EDISPER,G gas,G solv,TOTAL
0,-7.0052,9.2665,0,52.1098,-51.6247,2.2613,0.4851,2.7464
1,-8.2197,9.1815,0,51.5286,-50.6831,0.9618,0.8455,1.8073
2,-6.0265,9.3296,0,51.8358,-51.0082,3.3031,0.8276,4.1307
3,-6.7737,9.0728,0,52.4169,-50.4079,2.2991,2.009,4.3081
4,-7.8387,9.2634,0,52.2516,-51.151,1.4247,1.1006,2.5253
5,-6.5173,9.1462,0,52.1665,-50.857,2.6289,1.3095,3.9384
6,-6.9206,9.269,0,52.1334,-51.0842,2.3484,1.0492,3.3976
7,-5.5678,9.1867,0,52.3697,-51.5439,3.6189,0.8258,4.4447
8,-5.7867,9.1966,0,52.2421,-51.0977,3.4099,1.1444,4.5543
9,-10.2265,9.1668,0,52.5776,-51.2282,-1.0597,1.3494,0.2897
10,-6.6226,9.1921,0,51.6373,-51.2389,2.5695,0.3984,2.9679
11,-7.1955,9.1816,0,52.3272,-51.3141,1.9861,1.0131,2.9992
12,-7.8723,9.2718,0,51.9208,-50.7787,1.3995,1.1421,2.5416
13,-9.3095,8.8783,0,52.7619,-50.8402,-0.4312,1.9217,1.4905
14,-4.8531,9.2264,0,52.4453,-51.0252,4.3733,1.4201,5.7934
15,-6.5841,9.3622,0,51.6846,-51.1418,2.7781,0.5428,3.3209
16,-6.1833,9.3511,0,52.313,-51.221,3.1678,1.092,4.2598
17,-7.0918,8.928,0,52.3697,-51.0877,1.8362,1.282,3.1182
18,-4.4471,9.0447,0,51.8547,-51.5605,4.5976,0.2942,4.8918
19,-5.4211,9.3918,0,52.0484,-50.9502,3.9707,1.0982,5.0689
20,-7.539,9.15,0,52.1571,-50.9715,1.611,1.1856,2.7966
21,-8.3171,9.128,0,52.4406,-50.9906,0.8109,1.45,2.2609
22,-3.8988,8.8362,0,52.3933,-51.3188,4.9374,1.0745,6.0119
23,-7.1048,9.2205,0,52.3036,-51.2461,2.1157,1.0575,3.1732
24,-6.6985,9.2205,0,52.3177,-50.8759,2.522,1.4418,3.9638
25,-6.3178,9.0043,0,52.2043,-51.0878,2.6865,1.1165,3.803
26,-5.0526,9.3605,0,52.1193,-51.3672,4.3079,0.7521,5.06
27,-7.6747,9.1498,0,52.2799,-50.8035,1.4751,1.4764,2.9515
28,-5.2456,9.4654,0,51.8783,-51.2417,4.2198,0.6366,4.8564
29,-5.3975,9.1657,0,51.7743,-51.7355,3.7682,0.0388,3.807
30,-4.2567,9.2724,0,52.2705,-51.0901,5.0157,1.1804,6.1961
31,-4.0386,9.5087,0,51.6231,-51.1317,5.4701,0.4914,5.9615
32,-7.4329,9.1044,0,52.02,-51.0073,1.6715,1.0127,2.6842
33,-2.4284,9.2306,0,52.209,-51.6866,6.8022,0.5224,7.3246
34,-6.1707,9.2744,0,51.6798,-50.5168,3.1037,1.163,4.2667
35,-7.4046,9.2363,0,52.8422,-51.7226,1.8317,1.1196,2.9513
36,-4.5269,9.2154,0,51.9208,-50.6098,4.6885,1.311,5.9995
37,-3.4756,9.0677,0,51.6798,-50.9012,5.5921,0.7786,6.3707
38,-7.7465,9.0254,0,52.4689,-51.0821,1.2789,1.3868,2.6657
39,-5.4205,9.2745,0,52.3413,-51.3756,3.854,0.9657,4.8197
40,-7.542,9.288,0,52.6296,-50.85,1.746,1.7796,3.5256
41,-7.5922,9.4292,0,52.4028,-51.0067,1.837,1.3961,3.2331
42,-5.6746,9.2454,0,52.4075,-51.6968,3.5708,0.7107,4.2815
43,-8.1037,9.2509,0,52.3508,-51.007,1.1472,1.3438,2.491
44,-4.7054,9.1798,0,52.1665,-50.4174,4.4744,1.7491,6.2235
45,-7.5735,9.4759,0,52.4831,-51.3957,1.9024,1.0874,2.9898
46,-7.2653,9.3068,0,52.1854,-51.1591,2.0415,1.0263,3.0678
47,-5.2964,9.1938,0,51.935,-51.1582,3.8974,0.7768,4.6742
48,-6.6983,9.5102,0,52.1996,-51.2543,2.8119,0.9453,3.7572
49,-5.6072,9.2311,0,52.554,-51.1989,3.6239,1.3551,4.979
50,-7.8494,9.1108,0,52.3224,-51.3036,1.2614,1.0188,2.2802
51,-6.2686,9.5026,0,51.9066,-51.4114,3.234,0.4952,3.7292
52,-5.7104,9.0797,0,51.9114,-50.9143,3.3693,0.9971,4.3664
53,-7.6181,9.4617,0,52.1665,-50.9863,1.8436,1.1802,3.0238
54,-3.6213,9.2414,0,51.8027,-51.3006,5.6201,0.5021,6.1222
55,-6.0543,9.2317,0,51.9728,-51.5597,3.1774,0.4131,3.5905
56,-7.4091,9.4541,0,51.7271,-50.7573,2.045,0.9698,3.0148
57,-6.58,9.2397,0,52.1193,-51.3416,2.6597,0.7777,3.4374
58,-6.3275,8.9593,0,52.7808,-51.2354,2.6318,1.5454,4.1772
59,-5.0876,9.2761,0,52.6201,-51.3247,4.1885,1.2954,5.4839
60,-6.2715,9.2976,0,52.3933,-50.9127,3.0261,1.4806,4.5067
61,-5.3708,9.1266,0,52.0106,-50.7961,3.7558,1.2145,4.9703
62,-6.1514,9.5065,0,52.4689,-51.256,3.3551,1.2129,4.568
63,-7.3622,9.2203,0,52.5729,-50.9049,1.8581,1.668,3.5261
64,-4.3081,9.2105,0,51.642,-51.9314,4.9024,-0.2894,4.613
65,-5.6908,9.335,0,52.3036,-50.8033,3.6442,1.5003,5.1445
66,-5.9971,9.1379,0,52.4406,-51.0525,3.1408,1.3881,4.5289
67,-7.4382,9.1298,0,52.0531,-50.8944,1.6916,1.1587,2.8503
68,-8.7388,9.2012,0,52.4358,-51.1345,0.4624,1.3013,1.7637
69,-7.7578,9.1872,0,52.4075,-50.7771,1.4294,1.6304,3.0598
70,-7.836,9.1727,0,52.691,-51.2839,1.3367,1.4071,2.7438
71,-6.4984,9.0506,0,52.2279,-51.0547,2.5522,1.1732,3.7254
72,-6.177,8.9509,0,52.6532,-50.8692,2.7739,1.784,4.5579
73,-6.5894,9.3252,0,51.9114,-51.2145,2.7358,0.6969,3.4327
74,-3.3518,9.3371,0,52.2327,-51.1961,5.9853,1.0366,7.0219
75,-7.844,9.1841,0,52.7288,-50.9662,1.3401,1.7626,3.1027
76,-6.4005,9.4053,0,52.1098,-51.3706,3.0048,0.7392,3.744
77,-4.6793,9.1502,0,52.5776,-51.5112,4.4709,1.0664,5.5373
78,-5.7265,9.2323,0,52.0295,-51.4858,3.5058,0.5437,4.0495
79,-6.4053,9.2078,0,52.4028,-51.1788,2.8025,1.224,4.0265
80,-7.096,9.2535,0,52.3224,-51.3099,2.1575,1.0125,3.17
81,-8.0517,9.3555,0,52.3886,-51.2132,1.3038,1.1754,2.4792
82,-4.028,9.296,0,52.2043,-51.2167,5.268,0.9876,6.2556
83,-5.9009,9.0273,0,52.3603,-51.6647,3.1264,0.6956,3.822
84,-6.274,9.4902,0,52.5398,-50.9826,3.2162,1.5572,4.7734
85,-7.4567,9.3678,0,52.313,-50.4991,1.9111,1.8139,3.725
86,-3.7735,9.2897,0,52.5398,-51.661,5.5162,0.8788,6.395
87,-5.7904,9.1894,0,52.7193,-50.9581,3.399,1.7612,5.1602
88,-5.0696,9.1265,0,52.1193,-50.8661,4.0569,1.2532,5.3101
89,-6.0565,9.4053,0,52.3744,-50.6788,3.3488,1.6956,5.0444
90,-8.143,9.1223,0,51.9917,-51.2728,0.9793,0.7189,1.6982
91,-5.4403,8.957,0,52.2279,-51.8593,3.5167,0.3686,3.8853
92,-7.6429,9.1781,0,52.5398,-51.5966,1.5352,0.9432,2.4784
93,-6.1183,9.3748,0,52.6012,-51.1407,3.2565,1.4605,4.717
94,-5.4457,9.4601,0,52.0909,-51.068,4.0144,1.0229,5.0373
95,-7.4278,8.9083,0,52.5303,-50.8585,1.4805,1.6718,3.1523
96,-7.0289,9.3126,0,52.2846,-51.2033,2.2837,1.0813,3.365
97,-6.9297,9.2668,0,52.8989,-51.6316,2.3371,1.2673,3.6044
98,-5.9612,9.3745,0,52.4075,-51.1671,3.4133,1.2404,4.6537
99,-6.6378,9.4665,0,52.1146,-51.1848,2.8287,0.9298,3.7585
100,-8.9412,9.109,0,52.1996,-50.7963,0.1678,1.4033,1.5711
101,-8.4422,9.3233,0,52.5634,-51.0677,0.8811,1.4957,2.3768
102,-7.4093,9.2368,0,52.4453,-51.5028,1.8275,0.9425,2.77
103,-6.8235,9.2428,0,52.5918,-51.2529,2.4193,1.3389,3.7582
104,-5.1046,9.4965,0,52.4217,-51.2549,4.3919,1.1668,5.5587
105,-5.4791,9.3151,0,52.776,-51.7486,3.836,1.0274,4.8634
106,-7.3102,9.4187,0,52.4547,-51.1255,2.1085,1.3292,3.4377
107,-8.0517,9.2701,0,52.795,-51.5896,1.2184,1.2054,2.4238
108,-6.887,9.0169,0,52.6626,-50.8892,2.1299,1.7734,3.9033
109,-7.167,9.0026,0,52.6059,-51.197,1.8356,1.4089,3.2445
110,-7.3482,9.0921,0,52.0342,-50.7414,1.7439,1.2928,3.0367
111,-4.9332,9.0922,0,52.9745,-51.7596,4.159,1.2149,5.3739
112,-6.2222,9.3485,0,52.2185,-50.9737,3.1263,1.2448,4.3711
113,-6.9271,9.4286,0,51.4294,-50.8342,2.5015,0.5952,3.0967
114,-8.0248,9.3975,0,52.6059,-51.2548,1.3727,1.3511,2.7238
115,-7.6686,9.2219,0,52.5162,-51.3042,1.5533,1.212,2.7653
116,-6.0527,9.5841,0,51.8688,-51.1964,3.5314,0.6724,4.2038
117,-8.601,9.2997,0,52.8186,-51.1275,0.6987,1.6911,2.3898
118,-3.8916,9.1719,0,52.0484,-50.7992,5.2803,1.2492,6.5295
119,-9.0021,9.5144,0,52.4217,-50.7634,0.5123,1.6583,2.1706
120,-8.0723,9.0755,0,52.7808,-51.2953,1.0032,1.4855,2.4887
121,-6.1037,9.4987,0,52.4028,-51.4072,3.395,0.9956,4.3906
122,-4.6546,9.2332,0,52.6721,-51.344,4.5786,1.3281,5.9067
123,-6.9557,9.349,0,52.4973,-50.9578,2.3933,1.5395,3.9328
124,-7.1432,9.1617,0,51.9775,-50.702,2.0185,1.2755,3.294
125,-5.1854,9.3259,0,52.1901,-51.0348,4.1405,1.1553,5.2958
126,-5.7236,9.211,0,52.5209,-51.0463,3.4874,1.4746,4.962
127,-7.4039,9.4696,0,51.5381,-50.8832,2.0657,0.6549,2.7206
128,-8.7877,9.204,0,52.7666,-51.1318,0.4163,1.6348,2.0511
129,-7.0318,9.1619,0,53.0501,-51.6007,2.1301,1.4494,3.5795
130,-5.3692,9.4201,0,52.3319,-50.6991,4.0509,1.6328,5.6837
131,-8.5408,9.2745,0,52.2421,-51.1497,0.7337,1.0924,1.8261
132,-6.766,9.0628,0,52.4831,-51.3303,2.2968,1.1528,3.4496
133,-6.0183,9.1621,0,52.3697,-51.3855,3.1438,0.9842,4.128
134,-5.6624,9.3962,0,52.3461,-50.8709,3.7338,1.4752,5.209
135,-6.0943,9.4783,0,52.4264,-51.0997,3.384,1.3267,4.7107
136,-6.2063,9.2518,0,52.3933,-50.8121,3.0455,1.5812,4.6267
137,-7.4873,9.3726,0,52.209,-51.3901,1.8853,0.8189,2.7042
138,-4.1117,9.071,0,52.2185,-51.3494,4.9593,0.8691,5.8284
139,-7.1864,9.1338,0,52.5823,-51.0685,1.9474,1.5138,3.4612
140,-6.6924,8.977,0,52.6343,-51.1026,2.2846,1.5317,3.8163
141,-6.2562,9.1133,0,52.5493,-51.3062,2.8571,1.2431,4.1002
142,-7.9307,9.2685,0,52.3083,-51.1963,1.3378,1.112,2.4498
143,-6.0568,9.1367,0,52.3177,-51.2345,3.0799,1.0832,4.1631
144,-5.5546,9.1559,0,52.1901,-51.4766,3.6013,0.7135,4.3148
145,-7.6625,9.2192,0,52.0106,-51.4289,1.5567,0.5817,2.1384
146,-5.1943,9.4457,0,52.3555,-50.8017,4.2514,1.5538,5.8052
147,-4.7163,9.1425,0,52.313,-51.5323,4.4262,0.7807,5.2069
148,-5.6905,9.3962,0,52.4784,-51.3088,3.7057,1.1696,4.8753
149,-8.7033,8.9907,0,52.4406,-51.1032,0.2874,1.3374,1.6248
150,-6.8779,9.2193,0,52.1098,-51.0631,2.3414,1.0467,3.3881
151,-6.3756,9.1583,0,52.2988,-51.1105,2.7827,1.1883,3.971
152,-5.0432,9.1827,0,52.2279,-51.525,4.1395,0.7029,4.8424
153,-5.0384,9.4764,0,51.7129,-50.8534,4.438,0.8595,5.2975
154,-6.9423,9.4218,0,52.502,-51.1737,2.4795,1.3283,3.8078
155,-6.126,9.2109,0,52.5162,-50.8745,3.0849,1.6417,4.7266
156,-7.1377,9.4861,0,52.4926,-51.3681,2.3484,1.1245,3.4729
157,-7.659,9.0277,0,52.6579,-51.6702,1.3687,0.9877,2.3564
158,-7.6518,9.2146,0,52.2894,-51.3699,1.5628,0.9195,2.4823
159,-4.5703,9.1469,0,51.9492,-50.9612,4.5766,0.988,5.5646
160,-8.106,9.1631,0,53.1351,-51.6242,1.0571,1.5109,2.568
161,-5.3696,9.4472,0,52.1051,-51.0402,4.0776,1.0649,5.1425
162,-4.5132,9.3733,0,52.1146,-51.3106,4.8601,0.804,5.6641
163,-7.5898,9.0915,0,53.0406,-51.1627,1.5017,1.8779,3.3796
164,-7.305,9.3012,0,52.5729,-51.2737,1.9962,1.2992,3.2954
165,-7.2559,9.128,0,52.7004,-51.0699,1.8721,1.6305,3.5026
166,-6.89,9.2865,0,52.1098,-51.144,2.3965,0.9658,3.3623
167,-8.3376,9.2649,0,51.8736,-50.9323,0.9273,0.9413,1.8686
168,-5.9337,9.3783,0,51.9492,-50.6392,3.4446,1.31,4.7546
169,-7.0432,9.3525,0,51.5759,-50.9766,2.3093,0.5993,2.9086
170,-7.2624,9.3742,0,52.4358,-51.3497,2.1118,1.0861,3.1979
171,-4.7244,9.0573,0,52.5445,-51.3893,4.3329,1.1552,5.4881
172,-5.9646,9.2412,0,52.7571,-51.6967,3.2766,1.0604,4.337
173,-4.7637,9.2825,0,52.1382,-51.084,4.5188,1.0542,5.573
174,-3.9613,9.39,0,51.9256,-50.9576,5.4287,0.968,6.3967
175,-5.5684,9.495,0,52.7666,-51.7495,3.9266,1.0171,4.9437
176,-6.3913,9.0723,0,52.6626,-50.7926,2.681,1.87,4.551
177,-6.9935,9.1833,0,52.2138,-51.2918,2.1898,0.922,3.1118
178,-6.3475,9.3626,0,52.6626,-51.1416,3.0151,1.521,4.5361
179,-6.2491,9.4385,0,52.3886,-51.8254,3.1894,0.5632,3.7526
180,-6.8629,9.3719,0,51.987,-50.8718,2.509,1.1152,3.6242
181,-3.5863,9.2274,0,52.1051,-51.7393,5.6411,0.3658,6.0069
182,-6.5637,9.424,0,52.5965,-51.182,2.8603,1.4145,4.2748
183,-7.0351,9.2277,0,51.987,-51.1578,2.1926,0.8292,3.0218
184,-5.9937,9.2979,0,52.3036,-50.831,3.3042,1.4726,4.7768
185,-6.4989,9.0463,0,52.8847,-51.992,2.5474,0.8927,3.4401
186,-4.9756,9.3931,0,52.5256,-51.5116,4.4175,1.014,5.4315
187,-7.6219,9.1032,0,52.4311,-51.0212,1.4813,1.4099,2.8912
188,-8.2036,8.9919,0,52.4453,-50.747,0.7883,1.6983,2.4866
189,-5.4442,9.3456,0,51.8783,-51.1274,3.9014,0.7509,4.6523
190,-7.549,9.3794,0,52.2374,-51.2053,1.8304,1.0321,2.8625
191,-8.5999,9.123,0,52.7383,-51.1238,0.5231,1.6145,2.1376
192,-6.8779,9.0322,0,52.1713,-51.1001,2.1543,1.0712,3.2255
193,-6.7219,9.2132,0,52.4169,-50.8018,2.4913,1.6151,4.1064
194,-6.8174,9.4005,0,52.1193,-50.9896,2.5831,1.1297,3.7128
195,-7.7881,9.3051,0,51.9539,-51.1611,1.517,0.7928,2.3098
196,-8.2877,9.1866,0,52.1382,-50.9944,0.8989,1.1438,2.0427
197,-6.1348,9.3251,0,52.3886,-51.1932,3.1903,1.1954,4.3857
198,-6.2725,9.3502,0,52.3177,-51.2003,3.0777,1.1174,4.1951
199,-6.9686,9.4211,0,51.8499,-50.846,2.4525,1.0039,3.4564
,,,,,,,,
DELTA Energy Terms,,,,,,,,
Frame #,VDWAALS,EEL,EPB,ENPOLAR,EDISPER,DELTA G gas,DELTA G solv,DELTA TOTAL
0,-61.3224,0.5704,0,-42.4472,70.3402,-60.752,27.893,-32.859
1,-65.1208,0.6035,0,-40.7178,69.8229,-64.5173,29.1051,-35.4122
2,-62.7034,0.4168,0,-42.1259,69.0163,-62.2866,26.8904,-35.3962
3,-62.4694,0.6844,0,-42.0597,69.8204,-61.785,27.7607,-34.0243
4,-65.0081,0.6919,0,-43.208,70.3736,-64.3162,27.1656,-37.1506
5,-66.8433,0.4192,0,-41.5069,70.154,-66.4241,28.6471,-37.777
6,-55.8895,0.573,0,-42.5086,69.7794,-55.3165,27.2708,-28.0457
7,-63.0744,0.7313,0,-42.6929,70.2506,-62.3431,27.5577,-34.7854
8,-57.7422,0.2766,0,-42.0361,70.3559,-57.4656,28.3198,-29.1458
9,-63.7558,0.3542,0,-41.9794,70.6806,-63.4016,28.7012,-34.7004
10,-63.9705,0.5688,0,-41.6581,70.6193,-63.4017,28.9612,-34.4405
11,-63.3876,0.7058,0,-42.7213,72.4503,-62.6818,29.729,-32.9528
12,-62.2503,0.7069,0,-41.6298,70.648,-61.5434,29.0182,-32.5252
13,-58.9356,0.5312,0,-42.4473,69.8587,-58.4044,27.4114,-30.993
14,-63.9745,0.7415,0,-42.4141,70.8789,-63.233,28.4648,-34.7682
15,-64.2891,0.8121,0,-42.7355,72.4867,-63.477,29.7512,-33.7258
16,-64.3993,0.756,0,-42.5937,71.8771,-63.6433,29.2834,-34.3599
17,-63.3273,1.018,0,-40.6375,72.458,-62.3093,31.8205,-30.4888
18,-63.9186,0.8189,0,-41.0628,71.8807,-63.0997,30.8179,-32.2818
19,-61.9723,0.971,0,-39.9713,69.6027,-61.0013,29.6314,-31.3699
20,-63.0062,0.934,0,-42.3764,69.9689,-62.0722,27.5925,-34.4797
21,-60.3688,0.7561,0,-41.4313,72.1906,-59.6127,30.7593,-28.8534
22,-59.0835,1.2956,0,-41.2801,71.4837,-57.7879,30.2036,-27.5843
23,-63.0471,1.1034,0,-41.7527,71.8839,-61.9437,30.1312,-31.8125
24,-63.7656,1.2896,0,-42.4802,71.9608,-62.476,29.4806,-32.9954
25,-63.1033,1.1303,0,-42.7779,73.4982,-61.973,30.7203,-31.2527
26,-63.2553,1.3105,0,-42.5418,71.4467,-61.9448,28.9049,-33.0399
27,-63.7366,1.1868,0,-41.7432,72.0788,-62.5498,30.3356,-32.2142
28,-62.1811,1.0138,0,-41.4833,73.1065,-61.1673,31.6232,-29.5441
29,-62.8224,1.1073,0,-42.055,72.5432,-61.7151,30.4882,-31.2269
30,-56.3649,0.4587,0,-41.5164,70.8867,-55.9062,29.3703,-26.5359
31,-62.1103,1.1899,0,-41.4643,72.609,-60.9204,31.1447,-29.7757
32,-61.4629,1.2637,0,-40.9399,73.1682,-60.1992,32.2283,-27.9709
33,-63.3498,1.1853,0,-41.7998,72.339,-62.1645,30.5392,-31.6253
34,-62.5918,0.5603,0,-41.3888,68.9978,-62.0315,27.609,-34.4225
35,-61.4662,1.0677,0,-41.6865,71.8415,-60.3985,30.155,-30.2435
36,-62.9737,1.0921,0,-40.321,70.4609,-61.8816,30.1399,-31.7417
37,-64.8422,1.0806,0,-42.485,70.0093,-63.7616,27.5243,-36.2373
38,-62.0681,1.0159,0,-43.6994,72.4942,-61.0522,28.7948,-32.2574
39,-58.6304,0.6623,0,-43.1889,72.8263,-57.9681,29.6374,-28.3307
40,-66.1324,0.7328,0,-43.3639,70.8044,-65.3996,27.4405,-37.9591
41,-65.7784,0.7714,0,-42.589,71.2126,-65.007,28.6236,-36.3834
42,-58.4145,0.4191,0,-41.8566,71.3867,-57.9954,29.5301,-28.4653
43,-60.8416,0.7739,0,-42.1825,71.61,-60.0677,29.4275,-30.6402
44,-62.28,0.6788,0,-42.9717,69.4474,-61.6012,26.4757,-35.1255
45,-63.3584,0.759,0,-42.0598,71.4473,-62.5994,29.3875,-33.2119
46,-61.9507,0.8337,0,-41.8471,68.3184,-61.117,26.4713,-34.6457
47,-62.0534,0.934,0,-40.6376,70.3055,-61.1194,29.6679,-31.4515
48,-64.9329,1.0561,0,-41.1904,69.7632,-63.8768,28.5728,-35.304
49,-65.8286,1.1797,0,-42.2961,71.7691,-64.6489,29.473,-35.1759
50,-62.5831,0.9468,0,-41.5258,70.0787,-61.6363,28.5529,-33.0834
51,-63.2257,1.1578,0,-40.5477,69.0117,-62.0679,28.464,-33.6039
52,-60.9142,1.2445,0,-42.0598,70.4511,-59.6697,28.3913,-31.2784
53,-62.9477,1.071,0,-41.866,69.746,-61.8767,27.88,-33.9967
54,-63.3259,1.1113,0,-40.7462,71.5816,-62.2146,30.8354,-31.3792
55,-61.5503,1.1268,0,-42.4236,71.5657,-60.4235,29.1421,-31.2814
56,-61.5888,0.8768,0,-40.5053,70.0024,-60.712,29.4971,-31.2149
57,-61.2533,1.0751,0,-41.696,69.8151,-60.1782,28.1191,-32.0591
58,-62.0365,1.17,0,-40.6281,70.4466,-60.8665,29.8185,-31.048
59,-63.1083,1.298,0,-43.534,71.2408,-61.8103,27.7068,-34.1035
60,-55.5584,0.4696,0,-41.9322,70.7376,-55.0888,28.8054,-26.2834
61,-58.0771,1.1012,0,-39.2012,70.0935,-56.9759,30.8923,-26.0836
62,-62.9371,0.7865,0,-41.3982,70.4875,-62.1506,29.0893,-33.0613
63,-57.7354,0.6488,0,-42.6645,71.413,-57.0866,28.7485,-28.3381
64,-60.4502,0.5816,0,-41.7951,71.7819,-59.8686,29.9868,-29.8818
65,-64.6657,0.8331,0,-41.5117,72.2382,-63.8326,30.7265,-33.1061
66,-63.7501,0.5467,0,-43.6049,71.5391,-63.2034,27.9342,-35.2692
67,-63.4572,0.7185,0,-42.381,70.504,-62.7387,28.123,-34.6157
68,-63.2851,0.5663,0,-43.1606,71.5748,-62.7188,28.4142,-34.3046
69,-66.8793,0.7153,0,-43.052,71.9195,-66.164,28.8675,-37.2965
70,-66.0208,0.9006,0,-42.6551,71.5306,-65.1202,28.8755,-36.2447
71,-60.4444,0.6287,0,-41.9321,70.9021,-59.8157,28.97,-30.8457
72,-62.0899,0.8013,0,-41.2376,70.6606,-61.2886,29.423,-31.8656
73,-62.7292,0.8812,0,-41.0439,71.4214,-61.848,30.3775,-31.4705
74,-63.6747,0.8066,0,-41.5967,70.6937,-62.8681,29.097,-33.7711
75,-62.3279,0.8745,0,-41.8755,71.8736,-61.4534,29.9981,-31.4553
76,-61.7386,0.7483,0,-41.6156,73.5852,-60.9903,31.9696,-29.0207
77,-65.0066,0.9499,0,-43.2693,73.1004,-64.0567,29.8311,-34.2256
78,-62.4532,0.2263,0,-43.0662,71.7789,-62.2269,28.7127,-33.5142
79,-61.7172,0.8351,0,-42.5134,71.6416,-60.8821,29.1282,-31.7539
80,-59.2074,0.8391,0,-42.2014,73.0173,-58.3683,30.8159,-27.5524
81,-62.3586,0.7763,0,-42.8158,72.625,-61.5823,29.8092,-31.7731
82,-67.0111,0.7379,0,-43.6143,71.8983,-66.2732,28.284,-37.9892
83,-60.6672,0.4739,0,-42.7261,72.3813,-60.1933,29.6552,-30.5381
84,-64.2362,0.4727,0,-43.4205,71.0465,-63.7635,27.626,-36.1375
85,-57.372,0.5175,0,-42.055,71.2385,-56.8545,29.1835,-27.671
86,-62.4687,0.5627,0,-43.1749,71.8506,-61.906,28.6757,-33.2303
87,-54.7349,0.3616,0,-42.6881,70.2852,-54.3733,27.5971,-26.7762
88,-63.3339,0.67,0,-42.3244,70.3539,-62.6639,28.0295,-34.6344
89,-59.644,0.6521,0,-41.9888,71.5591,-58.9919,29.5703,-29.4216
90,-56.7052,0.4236,0,-41.3037,70.076,-56.2816,28.7723,-27.5093
91,-57.2364,0.3107,0,-42.6928,70.145,-56.9257,27.4522,-29.4735
92,-66.4864,0.8044,0,-43.7513,71.6342,-65.682,27.8829,-37.7991
93,-60.4387,0.5705,0,-41.7479,73.3001,-59.8682,31.5522,-28.316
94,-61.0423,0.9908,0,-42.3715,71.6089,-60.0515,29.2374,-30.8141
95,-64.2839,0.7825,0,-42.6929,71.3168,-63.5014,28.6239,-34.8775
96,-64.2118,0.7863,0,-42.7165,71.3371,-63.4255,28.6206,-34.8049
97,-62.8565,0.7644,0,-42.4944,70.9123,-62.0921,28.4179,-33.6742
98,-61.5935,0.7619,0,-42.6078,71.0563,-60.8316,28.4485,-32.3831
99,-60.8076,0.7755,0,-43.1843,73.7367,-60.0321,30.5524,-29.4797
100,-62.2132,0.8669,0,-44.4506,72.3543,-61.3463,27.9037,-33.4426
101,-65.6799,0.7303,0,-43.7938,73.0032,-64.9496,29.2094,-35.7402
102,-61.1395,0.9745,0,-40.9966,71.4831,-60.165,30.4865,-29.6785
103,-67.4188,0.9208,0,-43.2788,72.5167,-66.498,29.2379,-37.2601
104,-63.1476,0.97,0,-43.2552,71.1667,-62.1776,27.9115,-34.2661
105,-61.1167,0.45,0,-43.9686,73.175,-60.6667,29.2064,-31.4603
106,-59.5643,0.6443,0,-43.0851,71.4311,-58.92,28.346,-30.574
107,-57.4321,0.7312,0,-42.0598,72.6459,-56.7009,30.5861,-26.1148
108,-61.9702,0.5566,0,-42.707,72.6147,-61.4136,29.9077,-31.5059
109,-61.7223,0.7551,0,-43.912,71.5547,-60.9672,27.6427,-33.3245
110,-63.4277,0.6105,0,-42.2298,70.3408,-62.8172,28.111,-34.7062
111,-63.8148,0.5617,0,-42.8583,72.4216,-63.2531,29.5633,-33.6898
112,-55.3507,0.8542,0,-42.0172,71.9259,-54.4965,29.9087,-24.5878
113,-63.1131,1.0911,0,-40.8596,72.1567,-62.022,31.2971,-30.7249
114,-59.6383,0.8845,0,-43.4631,71.6741,-58.7538,28.211,-30.5428
115,-59.8973,0.5167,0,-42.0077,71.9377,-59.3806,29.93,-29.4506
116,-61.5488,0.6223,0,-43.1843,71.496,-60.9265,28.3117,-32.6148
117,-64.0565,0.7837,0,-42.0503,73.7632,-63.2728,31.7129,-31.5599
118,-58.7935,0.7656,0,-41.1148,72.5861,-58.0279,31.4713,-26.5566
119,-67.006,0.8892,0,-43.4206,71.5819,-66.1168,28.1613,-37.9555
120,-58.792,0.4087,0,-43.3874,71.7384,-58.3833,28.351,-30.0323
121,-66.0891,0.8331,0,-43.1607,72.6216,-65.256,29.4609,-35.7951
122,-61.065,0.3746,0,-41.781,71.1652,-60.6904,29.3842,-31.3062
123,-63.4925,0.6945,0,-44.0206,71.1305,-62.798,27.1099,-35.6881
124,-61.3134,0.7458,0,-41.8187,72.0657,-60.5676,30.247,-30.3206
125,-62.5091,0.7551,0,-42.2251,71.8509,-61.754,29.6258,-32.1282
126,-61.1704,0.495,0,-41.866,72.2835,-60.6754,30.4175,-30.2579
127,-61.4276,1.0295,0,-43.3403,72.2541,-60.3981,28.9138,-31.4843
128,-62.6276,1.0278,0,-42.2535,73.5115,-61.5998,31.258,-30.3418
129,-64.9216,0.7255,0,-43.482,72.7059,-64.1961,29.2239,-34.9722
130,-62.5756,0.7243,0,-42.5276,71.4766,-61.8513,28.949,-32.9023
131,-63.5771,0.8044,0,-41.9416,71.9398,-62.7727,29.9982,-32.7745
132,-63.1831,0.7805,0,-42.9717,72.262,-62.4026,29.2903,-33.1123
133,-63.7217,0.6701,0,-43.5859,71.9156,-63.0516,28.3297,-34.7219
134,-62.4047,0.8019,0,-42.5417,74.013,-61.6028,31.4713,-30.1315
135,-60.055,0.4626,0,-42.2629,69.8554,-59.5924,27.5925,-31.9999
136,-66.9769,0.8662,0,-42.8819,72.5315,-66.1107,29.6496,-36.4611
137,-64.1774,0.6323,0,-43.9119,70.886,-63.5451,26.9741,-36.571
138,-58.9814,0.7431,0,-43.0662,72.088,-58.2383,29.0218,-29.2165
139,-65.0104,0.9998,0,-43.4914,72.5551,-64.0106,29.0637,-34.9469
140,-65.989,0.9573,0,-44.3939,72.9501,-65.0317,28.5562,-36.4755
141,-62.5061,0.8263,0,-42.9954,72.8284,-61.6798,29.833,-31.8468
142,-64.1211,0.8411,0,-43.1182,71.1042,-63.28,27.986,-35.294
143,-67.1002,0.7029,0,-43.463,71.2385,-66.3973,27.7755,-38.6218
144,-67.0959,0.9939,0,-43.2315,72.3088,-66.102,29.0773,-37.0247
145,-63.5048,0.8962,0,-42.1259,72.6584,-62.6086,30.5325,-32.0761
146,-61.9364,1.1049,0,-42.6929,72.4056,-60.8315,29.7127,-31.1188
147,-62.4854,0.7155,0,-43.7418,73.2765,-61.7699,29.5347,-32.2352
148,-67.0278,0.7367,0,-43.482,72.2535,-66.2911,28.7715,-37.5196
149,-63.2934,0.7533,0,-43.0615,71.0714,-62.5401,28.0099,-34.5302
150,-61.8282,0.761,0,-41.3699,72.4079,-61.0672,31.038,-30.0292
151,-62.5265,1.2164,0,-42.9763,71.5144,-61.3101,28.5381,-32.772
152,-63.7829,0.7586,0,-42.3857,72.3575,-63.0243,29.9718,-33.0525
153,-62.4219,0.8501,0,-41.7054,70.9492,-61.5718,29.2438,-32.328
154,-62.9066,1.1209,0,-42.6834,72.3018,-61.7857,29.6184,-32.1673
155,-62.2108,0.918,0,-42.8536,71.6146,-61.2928,28.761,-32.5318
156,-66.2856,1.0059,0,-43.3734,72.4658,-65.2797,29.0924,-36.1873
157,-61.8452,0.888,0,-42.6173,73.3326,-60.9572,30.7153,-30.2419
158,-62.5157,0.9379,0,-42.8724,72.9104,-61.5778,30.038,-31.5398
159,-58.5805,0.9412,0,-40.5383,71.3459,-57.6393,30.8076,-26.8317
160,-63.1546,0.7744,0,-41.9085,72.5434,-62.3802,30.6349,-31.7453
161,-63.0843,0.5917,0,-41.1526,70.5225,-62.4926,29.3699,-33.1227
162,-61.6361,0.8361,0,-40.6565,74.2964,-60.8,33.6399,-27.1601
163,-61.5616,0.8472,0,-42.9102,72.1113,-60.7144,29.2011,-31.5133
164,-65.8121,0.8101,0,-44.1435,71.0085,-65.002,26.865,-38.137
165,-63.5466,0.634,0,-42.6361,71.4487,-62.9126,28.8126,-34.1
166,-64.8673,0.8189,0,-43.7938,72.5014,-64.0484,28.7076,-35.3408
167,-64.4161,0.7331,0,-43.3734,71.5125,-63.683,28.1391,-35.5439
168,-65.7408,1.1162,0,-42.2819,71.958,-64.6246,29.6761,-34.9485
169,-57.7621,0.7453,0,-41.625,70.694,-57.0168,29.069,-27.9478
170,-61.4718,0.9002,0,-41.2422,71.4169,-60.5716,30.1747,-30.3969
171,-61.7003,0.7366,0,-41.5542,72.1786,-60.9637,30.6244,-30.3393
172,-59.3563,0.7929,0,-42.3952,71.2088,-58.5634,28.8136,-29.7498
173,-63.3458,0.7531,0,-41.5683,73.0188,-62.5927,31.4505,-31.1422
174,-62.7867,0.7691,0,-42.211,72.8964,-62.0176,30.6854,-31.3322
175,-64.7908,0.7621,0,-43.9828,73.5582,-64.0287,29.5754,-34.4533
176,-65.9321,0.7344,0,-42.9717,72.0003,-65.1977,29.0286,-36.1691
177,-68.8264,0.6104,0,-43.4631,72.4191,-68.216,28.956,-39.26
178,-69.6734,0.8803,0,-43.5954,73.0054,-68.7931,29.41,-39.3831
179,-63.1146,0.4768,0,-43.671,71.7998,-62.6378,28.1288,-34.509
180,-64.3371,0.4104,0,-42.7071,71.74,-63.9267,29.0329,-34.8938
181,-66.728,0.9446,0,-43.9261,71.7278,-65.7834,27.8017,-37.9817
182,-62.6624,0.8012,0,-43.5953,70.6549,-61.8612,27.0596,-34.8016
183,-65.3427,0.7333,0,-43.5103,72.3548,-64.6094,28.8445,-35.7649
184,-66.8015,0.7376,0,-43.3214,72.4474,-66.0639,29.126,-36.9379
185,-65.6607,0.6955,0,-43.2079,71.6585,-64.9652,28.4506,-36.5146
186,-67.8034,0.8162,0,-43.3024,71.7246,-66.9872,28.4222,-38.565
187,-61.3812,0.8135,0,-43.2599,72.0372,-60.5677,28.7773,-31.7904
188,-62.9223,0.6279,0,-42.8016,70.2374,-62.2944,27.4358,-34.8586
189,-63.6449,0.8036,0,-43.0756,72.2219,-62.8413,29.1463,-33.695
190,-64.0368,0.7597,0,-42.6929,71.6394,-63.2771,28.9465,-34.3306
191,-62.2503,0.6783,0,-42.348,72.6725,-61.572,30.3245,-31.2475
192,-62.4965,0.7476,0,-42.8394,72.3525,-61.7489,29.5131,-32.2358
193,-63.9083,0.7723,0,-43.43,72.6091,-63.136,29.1791,-33.9569
194,-61.7124,0.9262,0,-42.3622,72.6604,-60.7862,30.2982,-30.488
195,-67.9666,0.703,0,-42.3102,71.6014,-67.2636,29.2912,-37.9724
196,-58.6107,0.8959,0,-40.2454,71.7293,-57.7148,31.4839,-26.2309
197,-59.4689,0.7779,0,-41.2187,70.8864,-58.691,29.6677,-29.0233
198,-64.3945,0.687,0,-42.5795,71.003,-63.7075,28.4235,-35.284
199,-60.8568,0.6948,0,-41.3179,71.4654,-60.162,30.1475,-30.0145